9.647816773886199737e-01 -2.067221657408686131e+00 7.174028932463586417e-01 3.220994638543323241e+00 2.989088100235534284e+00 0.000000000000000000e+00
1.132301562613822643e+00 -7.068607533722021108e-01 -7.948216649595346572e-01 -1.894821386299855304e-01 -1.346390931644095623e+00 1.000000000000000000e+00
2.857339466626409585e-01 -9.471832904515006257e-01 1.186932266029541383e+00 1.723221809673657345e+00 2.156890651938619285e+00 0.000000000000000000e+00
1.012160726790674037e-01 -1.165073880321711552e+00 -1.947781490300453111e+00 9.958318972766885269e-01 -3.692859916579982471e-02 1.000000000000000000e+00
2.651380467838027055e-01 1.770599639216185794e+00 -8.647348389085487419e-01 2.436022373418881504e+00 1.861402088186198789e+00 0.000000000000000000e+00
6.186967477283400463e-01 -1.888791140741579722e-01 -1.325813075114424811e+00 1.114328244823780567e+00 5.197856070149353691e-02 1.000000000000000000e+00
-1.034354326307316718e+00 -7.692081229859979441e-01 -2.187140746301424077e+00 -3.708239467497722597e-01 -7.889471204095317436e-01 1.000000000000000000e+00
1.410616625234077937e-01 -8.130300233921254893e-01 -1.046081500345854565e-01 2.225218616836538210e+00 2.112664125926225100e+00 0.000000000000000000e+00
-1.219487257302776628e+00 1.847654612764740412e+00 1.813560704609792129e+00 -5.880512683391301287e-01 1.127893415634256602e+00 0.000000000000000000e+00
2.147192406977469492e-01 -1.684921965236046093e+00 7.848975233190190748e-01 2.036817441779253279e+00 2.320159330126977171e+00 0.000000000000000000e+00
-1.798976827202964923e+00 7.669230156117859964e-01 4.978591690699408767e-01 -1.038034750369558612e+00 3.944583276262941807e-01 0.000000000000000000e+00
1.739185042053196906e+00 1.007634160699398818e-01 -7.501885011488129695e-02 1.063369599488490636e-01 -1.087717886165620040e+00 1.000000000000000000e+00
5.900012841246482509e-02 5.830757124770186151e-01 4.412199997989854072e-01 -7.257278696871432011e-01 -5.539761683338670917e-01 1.000000000000000000e+00
-1.107699965596095515e+00 7.049510011230976092e-01 -2.232654034594785397e-01 4.355753390396962521e-01 1.067317400363701152e+00 0.000000000000000000e+00
-1.689908385572688410e+00 -1.562596987530272541e-01 -1.508007785042654314e-01 -3.467969501407144772e+00 -2.471812450870137123e+00 1.000000000000000000e+00
2.711323424998868248e-02 -9.280834222489203755e-01 1.777187965658841851e-01 2.144537655844851454e+00 2.248749949373279655e+00 0.000000000000000000e+00
-1.259725029713891331e+00 2.085399020440915407e+00 -1.464337002352801287e+00 -1.202281467455019737e+00 -1.119179666503072434e+00 1.000000000000000000e+00
1.063714885363388207e+00 2.990876833967922366e+00 -8.084511449439250041e-01 1.144777044527850007e+00 4.707230013287655446e-02 1.000000000000000000e+00
2.738176402229867801e+00 -9.770070947624590607e-01 1.474981007766377417e+00 1.558095039751916211e+00 5.014706700658888572e-01 1.000000000000000000e+00
-3.016895628303735144e+00 -2.558965365280188586e-01 1.452183945545051813e+00 -3.684652417859460627e+00 -1.001314204107884631e+00 0.000000000000000000e+00
-2.102642316813380319e+00 8.131601667437289294e-01 -1.807477138474622880e+00 -3.755280372384588450e-01 1.086602688511433268e-01 0.000000000000000000e+00
-3.373350918179964797e-01 -1.054932590637187584e+00 1.354908095817584091e-01 -1.558552192470075148e+00 -1.289581249862912671e+00 1.000000000000000000e+00
4.487046057496892892e-01 2.262730187380684183e-02 -2.792126289350221890e-01 -8.049401205781415714e-01 -1.256554711829253712e+00 1.000000000000000000e+00
-1.202877454710610250e+00 -8.853631364643018697e-01 1.746357197417577334e+00 -1.246428403985403222e+00 4.145573251817579186e-01 0.000000000000000000e+00
1.258683334111822649e+00 -6.589800236482856732e-01 1.935959641434157330e-01 3.845636084759538775e+00 3.163899558952918412e+00 0.000000000000000000e+00
-1.613786211776960799e-01 -2.550676573320269647e-01 -3.291394398337574856e-01 1.895432079083630317e+00 1.866154149553449493e+00 0.000000000000000000e+00
2.055114010381710710e+00 -1.565038058907607166e+00 1.524885422137156610e-01 -6.855598654342833775e-01 -1.987525119437364429e+00 1.000000000000000000e+00
1.140178692284342432e+00 -9.671723163465097972e-01 1.704723706257606164e+00 2.398621916612535099e+00 2.534426219266904035e+00 0.000000000000000000e+00
-9.164664771399033683e-01 -3.379335883605725233e-01 1.527478592982425720e+00 -3.698442433362703063e-01 1.003665634955462016e+00 0.000000000000000000e+00
-1.391085938842625103e+00 -1.367159598174215729e-01 1.496967483915568442e+00 -8.805244603831535732e-01 7.858076538945617528e-01 0.000000000000000000e+00
3.859939480589265060e-01 -1.058064293060800853e+00 -1.928334124035940178e+00 -1.755525609382460717e+00 -3.010165603030531489e+00 1.000000000000000000e+00
-2.251047796344021634e+00 -1.745880426640900707e+00 1.010395811653322484e+00 -2.237334008318654810e+00 -2.641661857389896451e-01 0.000000000000000000e+00
4.346512630809826749e-01 -1.081009337615481902e+00 7.325737827103282473e-01 -1.555413590763230713e+00 -1.499768770498154380e+00 1.000000000000000000e+00
-9.831646461660102920e-01 -3.119533426308087054e-01 1.439107659394478489e+00 -4.627057399887000155e-01 9.093005617047726918e-01 0.000000000000000000e+00
-3.242328779688331775e+00 -3.603684359828006056e-01 -2.475329913066468990e+00 -2.102249577379445622e+00 -1.221912106698952449e+00 0.000000000000000000e+00
-1.229664262673790809e-02 -1.205314641623745686e+00 -3.053698816617218537e-01 2.606027035072587594e+00 2.500325812461285935e+00 0.000000000000000000e+00
-6.737693273707470176e-01 3.044653658501876858e-01 -7.779415980882847803e-01 1.470980459113042649e+00 1.550404189341409555e+00 0.000000000000000000e+00
-1.581431897156185595e+00 4.671288665389639050e-01 -4.303004608263133690e+00 -3.869915399978960391e-01 -1.506349533654192996e+00 1.000000000000000000e+00
2.251294900080109684e+00 -2.439542113396540590e-01 5.665568002120835445e-01 1.481314944339875428e-01 -1.063238451399778572e+00 1.000000000000000000e+00
-8.749172462560019792e-01 4.030036596528416837e-01 1.528847763856074682e+00 9.190211286659422107e-02 1.445499250233230670e+00 0.000000000000000000e+00
-2.887519478895749225e-01 -1.163978433133323831e+00 -6.165569199907008358e-01 1.590384895770935891e+00 1.496546183142291930e+00 0.000000000000000000e+00
-4.372154315152444459e-01 -3.351311951032601155e-02 -2.086780595237430758e-01 -1.220174049488691237e+00 -1.052800710396456063e+00 1.000000000000000000e+00
-1.476004866434445839e+00 1.776346957111601954e-01 5.156919428516348880e-02 -2.869636975874243934e+00 -1.904861220855283310e+00 1.000000000000000000e+00
1.471296066399127023e-01 4.507260844225306068e-02 -2.123832188218858885e+00 -6.175313651027458661e-01 -1.794161863567695248e+00 1.000000000000000000e+00
1.210826686242943762e+00 -1.546659387881659464e+00 1.386201998808482827e+00 4.240335566531390654e+00 4.196907507125644088e+00 0.000000000000000000e+00
-1.317798333317710568e+00 -1.124664795839195180e-01 -8.742628373892389337e-01 -2.523727503658145910e+00 -2.125098252500664309e+00 1.000000000000000000e+00
-3.101814960335026239e+00 1.580013340719496728e+00 -2.006669147011294729e+00 -1.909003276378479441e+00 -8.833172678531090449e-01 1.000000000000000000e+00
2.014101963278454033e-01 -2.952378131490758228e-01 6.433815301951373300e-02 2.776572940755912100e+00 2.717325537527037760e+00 0.000000000000000000e+00
1.246643361000244754e+00 4.259076251364099508e-01 -6.480493126440838303e-01 1.144395792129412337e+00 5.648715834720263729e-03 1.000000000000000000e+00
-1.974836360556072368e+00 -1.701948208643136562e+00 -2.677580708049724478e+00 -5.002991315116189774e-02 -8.400395546383199186e-02 1.000000000000000000e+00
-4.316993549471489500e-01 4.543952556557178668e-01 -1.181056665911540682e-01 1.997442268087407768e+00 2.255941894101311185e+00 0.000000000000000000e+00
8.855552693713846235e-01 1.188455726986101801e+00 -1.034011037595742089e+00 1.385061730341302866e+00 2.960891967545689063e-01 1.000000000000000000e+00
1.762660437859452145e+00 -3.790421216903939738e-01 1.195321148902914743e-01 2.230413957504375322e+00 1.151154603208501825e+00 1.000000000000000000e+00
-2.138496988718792124e-01 1.571999101405935004e-02 5.773639159316747982e-01 -1.774471181793171315e+00 -1.368557184459443077e+00 1.000000000000000000e+00
-5.367395558287393342e-01 5.534362290779695215e-01 -8.740324992094925527e-01 1.302552359634557622e+00 1.239792648101797568e+00 0.000000000000000000e+00
-2.374584705292847708e+00 2.596025038071970159e-01 -1.910644523693953323e+00 -1.185025063364492315e+00 -5.841002998433981741e-01 0.000000000000000000e+00
-4.896702981112790454e-01 -6.330360936346085543e-01 -1.160058764981542812e+00 -1.336854308762908117e-02 -2.715861350808319585e-01 1.000000000000000000e+00
1.813407416174122933e+00 4.492713597106555712e-01 -1.164242787165004067e-02 2.871505576318962305e-01 -9.216486478820532513e-01 1.000000000000000000e+00
-2.341770128869554490e+00 7.838554618741079283e-01 -2.647984106741369636e+00 1.823485603298027335e-01 4.111248936862705872e-01 1.000000000000000000e+00
-8.385332829084480855e-01 -3.498821208524902637e-01 -9.674319797911062890e-01 -1.033429942420296399e+00 -9.780026938805279624e-01 1.000000000000000000e+00
1.865189373349127155e+00 5.292128760827441436e-01 -5.269047130790815991e-02 1.255885955070890070e-01 -1.140821817124380022e+00 1.000000000000000000e+00
1.634351175552387403e+00 -5.594656681099038353e-01 -3.688825235430375216e-01 -1.305770441773032475e+00 -2.599565736561878282e+00 1.000000000000000000e+00
5.232551667136275952e-01 -7.993021377592035570e-02 -1.486684015521475333e+00 1.187251232183944349e+00 1.085700024283353660e-01 1.000000000000000000e+00
-2.102591576320834932e+00 -3.541744662306079983e-01 -2.063835288188921702e+00 -9.049340130962479911e-01 -5.579367841445865839e-01 1.000000000000000000e+00
-1.252015578544821039e+00 5.765986612235435294e-01 -2.483634018329814452e+00 -1.668818018634488087e-02 -4.337499151696693200e-01 1.000000000000000000e+00
-8.700027815021563748e-01 1.020093630707612053e+00 -2.201504473027546815e+00 8.363397823981018053e-01 3.200221941218170940e-01 1.000000000000000000e+00
-1.500298390015195160e+00 -2.909468754069659616e-02 -6.626413824086199167e-01 -2.082143143236342642e+00 -1.448717209982151921e+00 1.000000000000000000e+00
-1.180694074720402664e+00 2.399780782471788498e+00 -3.614260336107528726e-01 2.846993359712329807e-01 8.931760680536098285e-01 0.000000000000000000e+00
6.938241791045984819e-02 1.323583557140770806e+00 -1.315482943352507483e+00 -8.266956995687649856e-01 -1.547802954997215874e+00 1.000000000000000000e+00
-1.666434044899358646e+00 -1.528994620752458289e+00 6.843189649680747610e-01 -1.059163883720471100e+00 3.786340896803840339e-01 0.000000000000000000e+00
5.187734861174011503e-01 -6.469578326168807791e-01 -1.583158484986705528e+00 1.976596789921700292e+00 8.643996977890244793e-01 1.000000000000000000e+00
-1.782746365811782585e+00 3.042168057441963502e-01 -1.757165692113200617e+00 -2.657092200297356266e-01 3.250732641022135994e-02 0.000000000000000000e+00
7.291736316817323260e-01 2.140675178747858620e+00 -1.259017786009473783e+00 9.645964978064679451e-01 -1.399681997332619110e-01 1.000000000000000000e+00
8.457513013128750146e-01 8.600539474105918514e-02 1.331052698077758389e+00 -2.123211631431566104e+00 -2.048649791478394100e+00 1.000000000000000000e+00
-1.850270612724361996e+00 1.278448483295466120e+00 2.341841742299618723e+00 -1.868711987840818267e+00 5.135727409303485480e-01 0.000000000000000000e+00
1.141894747275043809e+00 3.529292874069418495e-01 1.407410843222640651e+00 3.114248801099627428e+00 3.110172665928983005e+00 0.000000000000000000e+00
-2.429153364507796731e+00 5.939625512907877880e-01 -2.484893910288777708e+00 -1.380680203203782375e+00 -1.035519329083846252e+00 0.000000000000000000e+00
-1.349817679838267726e-01 3.112793606268606239e-01 -2.588977967621794107e+00 -1.050426660077351526e+00 -2.280027879929959589e+00 1.000000000000000000e+00
6.509043932541938027e-01 5.294123075573625714e-01 -1.319188314673531703e+00 3.689831394403314535e-02 -1.060034332268971591e+00 1.000000000000000000e+00
-1.403420271136269548e+00 -3.827087729903829172e-01 2.138237396365272325e-01 -9.410610228287781265e-01 8.656547876550502174e-02 1.000000000000000000e+00
1.028903108977947678e-01 8.430947913352794254e-01 9.917713714540218328e-01 1.316875464088595127e+00 1.767811615154421201e+00 0.000000000000000000e+00
-1.299750963176631080e+00 5.709377632320332685e-01 -2.941008079667116970e+00 8.025493013997309077e-02 -5.338057638521755965e-01 0.000000000000000000e+00
-1.878732211941314123e-01 -8.774662489948736876e-01 3.500269088627483427e-02 2.135205804465865054e+00 2.310559223771958326e+00 0.000000000000000000e+00
-3.403601986775449673e-01 -1.384289948636263923e-01 -1.615537028105921147e-01 1.802684503098851643e+00 1.975520705900835283e+00 0.000000000000000000e+00
6.175136004066517081e-01 1.071746029016303892e+00 1.599468918250791738e+00 -2.308369126813553329e+00 -1.949549928837303270e+00 1.000000000000000000e+00
-2.083624426807355601e-01 1.504473324071204265e+00 4.791248652745525582e-01 1.446681468605658161e+00 1.848738898676983045e+00 0.000000000000000000e+00
-2.582323098739002454e+00 4.576280301084678648e-01 1.023609449553884998e+00 -3.606476579386823200e+00 -1.427035823002298365e+00 0.000000000000000000e+00
1.919806406310861746e+00 -1.133294692626323430e+00 7.485615377106058510e-02 8.467222886759777634e-01 -3.808114733448942912e-01 1.000000000000000000e+00
-1.185372453319420982e+00 2.241456923254850075e-01 -9.715529011462279430e-01 3.130401292371720601e-01 6.178998632092056464e-01 0.000000000000000000e+00
-7.487225852539695081e-01 1.616412208986340637e+00 -1.948304809712555485e-01 1.531598084783696745e+00 1.955415218055674753e+00 0.000000000000000000e+00
-1.290963284470010075e+00 -5.605269208450618379e-01 -1.375744366862152734e+00 6.746443809752271648e-01 8.518455308981854879e-01 0.000000000000000000e+00
1.957037455198156195e+00 -3.679133601947837118e-01 2.782514858910718480e-01 1.059773298147731246e+00 -8.689205576730363312e-02 1.000000000000000000e+00
4.353413127267946603e-01 -5.068054900505829519e-01 -1.757174781415831166e+00 -6.200587000953567962e-01 -1.804021446616380420e+00 1.000000000000000000e+00
-2.717866315922223830e+00 -1.695126367387180533e-01 5.973323281861830925e-02 -1.986293858595543416e+00 -1.770953940286474904e-01 0.000000000000000000e+00
-7.222330022442828845e-01 3.314779660144062667e-01 2.941119855166406394e-01 6.858347501888020226e-01 1.325238584563145139e+00 0.000000000000000000e+00
6.278001341306876926e-01 1.167181427881221589e+00 -1.419586084012620208e+00 -2.338087606325969237e-01 -1.370043180352654488e+00 1.000000000000000000e+00
1.948648829386186332e+00 1.131084044235088015e+00 3.750460090041307648e-01 -3.667823514749595226e-01 -1.480945515534806578e+00 1.000000000000000000e+00
-3.851292840904734227e-01 -7.021843411484589570e-01 9.192926743666778311e-01 7.085785750966285823e-01 1.438637474668836846e+00 0.000000000000000000e+00
-2.124515915929255705e+00 3.803936458508742069e-01 -2.020767685602071762e+00 -8.176658263969878160e-01 -4.330552574221191442e-01 0.000000000000000000e+00
2.599226860461167909e+00 1.936005870148993058e+00 1.065048648126382336e+00 9.280272607564594711e-01 -2.521000457040062370e-01 1.000000000000000000e+00
1.322279520457039226e-01 4.262447683104997331e-01 -6.933468705603572646e-01 -9.973384816469749170e-01 -1.449685183742373429e+00 1.000000000000000000e+00
1.361549912599113066e+00 -1.248495348525385573e+00 -7.246875720487131467e-01 -1.415995588119426385e+00 -2.708979122088134961e+00 1.000000000000000000e+00
-2.178130321495075350e+00 4.562545975637683493e-01 -1.625249851264171097e+00 -7.699007738286918201e-01 -1.497431315642028249e-01 0.000000000000000000e+00
-1.894697889442197303e+00 -7.779391234418080447e-01 -2.813442632287101119e+00 -9.834960730550961205e-01 -1.153497230343601299e+00 0.000000000000000000e+00
-8.016991833384385924e-01 -4.654254757998978476e-01 -3.419992455493788608e+00 -7.635980684898791004e-02 -1.265549884048673412e+00 1.000000000000000000e+00
-1.924993148731088954e+00 1.107972834632403814e+00 -1.677403356803119472e+00 -1.098363475729173810e+00 -6.780181950444019723e-01 1.000000000000000000e+00
-1.739382082053858802e+00 -8.019431439179552923e-01 -1.416224651247997013e+00 -2.120436943455132894e-01 2.297673715388034443e-01 0.000000000000000000e+00
-1.367169823405575357e+00 -6.251869902283135882e-01 -2.130968916776604161e+00 -1.153897290145693200e+00 -1.334133440386541025e+00 1.000000000000000000e+00
-2.723025650271562181e+00 -2.934932520679159884e-01 -2.777174897598595926e+00 -1.791780525183840789e+00 -1.404399077452095579e+00 0.000000000000000000e+00
-2.081196279352317546e+00 2.168791787121299830e+00 -2.902306030968161199e+00 -1.261441106257496836e+00 -1.356263402344845659e+00 0.000000000000000000e+00
-6.408881655925702248e-02 -9.076935787950137779e-01 2.631060840887397667e+00 6.702778647194417294e-01 2.047789655262034714e+00 0.000000000000000000e+00
-5.364075403631191064e-01 -8.979535956198196889e-01 -1.658319318788742391e+00 1.381526043644920154e+00 9.249078454194429311e-01 0.000000000000000000e+00
1.100694604413587241e+00 4.548923748931838484e-01 -8.088485992739006258e-01 1.529291153044184171e+00 4.126455963592854381e-01 1.000000000000000000e+00
-2.794886288076331660e+00 -3.498513979452497757e-01 -1.587717341026736229e+00 -1.747768050117250116e+00 -7.130442230224265376e-01 0.000000000000000000e+00
6.097937287213175406e-01 6.618198521393999778e-01 8.436449064591389213e-01 -1.390402753324107232e+00 -1.392922773868746633e+00 1.000000000000000000e+00
9.504610255857612877e-01 -2.513237725150212931e+00 -1.048868916440918397e+00 7.202788906509174360e-01 -4.295518546368785051e-01 1.000000000000000000e+00
-1.210632548269513054e+00 -7.513276265311025215e-01 -6.789057236569814302e-01 -1.125533091647286321e+00 -6.785212811219634155e-01 1.000000000000000000e+00
-1.417075189918956646e+00 1.374349769284118450e+00 -5.209816553537049977e-01 -1.956894773496894890e+00 -1.305644096251152630e+00 1.000000000000000000e+00
8.869339865740026863e-01 2.152141775983293093e-01 -1.022406626831432019e+00 -9.313062918536444412e-01 -2.050774161915631666e+00 1.000000000000000000e+00
-2.221918155960384667e+00 -1.448607810851486155e+00 -2.698734062211933793e+00 -6.745553283784218035e-01 -5.642266467025773835e-01 1.000000000000000000e+00
-1.314754853881743957e+00 -5.383047794556222732e-01 -2.029742694962182625e+00 -8.206276368698894874e-02 -2.298444744093428582e-01 0.000000000000000000e+00
-1.300361395651057794e+00 1.134054241062311785e+00 2.898924427273059656e-01 -1.883279744052241966e+00 -9.003787721906220121e-01 1.000000000000000000e+00
-2.186218843935362255e+00 -1.061179439761326337e+00 -1.922408739165445635e+00 -1.052476625393259813e+00 -5.808577432227206572e-01 0.000000000000000000e+00
1.103509250530776420e-02 1.148381607393626380e+00 9.077717351847476301e-01 -1.111830683886636306e+00 -6.791657775294406285e-01 1.000000000000000000e+00
-1.200248579417907635e+00 -8.007953717812708039e-01 -7.988051838809409055e-01 6.922171326269664915e-01 1.099747996121339888e+00 0.000000000000000000e+00
-1.487579392838672465e+00 -6.891366013510721311e-01 -8.838461899499088226e-01 5.146106419669262966e-01 1.067911124407412871e+00 0.000000000000000000e+00
-2.581021810304261699e+00 8.380947803092824167e-01 9.135820467651745158e-02 -2.316679803799251314e+00 -5.877200565485798389e-01 0.000000000000000000e+00
-1.793298349457844276e+00 2.104197752612302352e+00 -3.049494908752807820e+00 -6.035755768548627387e-01 -9.541163218765149612e-01 1.000000000000000000e+00
-9.655513117697522851e-02 -3.811660676065395381e-01 -2.341166641944349536e+00 7.346807741111731627e-01 -3.684487173800775617e-01 1.000000000000000000e+00
-5.753874573203257015e-01 2.758741754433663984e-01 2.345639891245546060e+00 2.816209527057111917e-02 1.592573567565453985e+00 0.000000000000000000e+00
1.318276445675212738e-01 1.925549318774369967e+00 -9.455461067012235210e-01 2.146313865896009698e+00 1.615334919842136063e+00 0.000000000000000000e+00
-1.282478671915504576e+00 1.776600137098917065e+00 -2.083578069588306381e+00 -9.157030868856533834e-01 -1.124823934979015450e+00 1.000000000000000000e+00
-1.267119630963639665e+00 6.971859618029661032e-01 -1.061645073379532844e+00 -5.401953816190763202e-01 -2.393133402815433852e-01 1.000000000000000000e+00
-1.158379929887342952e+00 6.572158990309817650e-01 -1.351733367271835684e+00 5.108736959297225377e-01 6.093876146315235776e-01 0.000000000000000000e+00
-1.941674884764803766e+00 -1.157426078540267689e+00 -1.291878387227894720e+00 -2.432021267269599107e+00 -1.826872109499005248e+00 1.000000000000000000e+00
1.710459611568285077e+00 -1.531075578460542319e+00 7.855660025429567206e-02 1.333201474094378280e+00 2.543481524995081511e-01 1.000000000000000000e+00
-1.479777532538855800e+00 6.925128747086011227e-01 -1.154662582667555393e+00 -1.345847265209410892e+00 -9.625304400435950036e-01 1.000000000000000000e+00
-1.078412447792833628e+00 1.106937189098286867e+00 -1.376730898447075635e+00 2.142137767356897537e-01 2.423659171514220834e-01 0.000000000000000000e+00
-1.513997912467681672e+00 -1.415494242857650575e-01 -1.575971361994205955e+00 -1.114959040652894195e-01 1.013729439306366720e-01 0.000000000000000000e+00
-1.504848222384828071e-01 2.095085214480147534e-02 -7.861584156642626997e-01 2.078661605717708305e+00 1.814848805619717842e+00 0.000000000000000000e+00
-1.649293534681960827e+00 -3.209576743054675663e-01 1.400609547117605436e+00 -1.747050858761980852e+00 2.942951960658080068e-02 0.000000000000000000e+00
9.155442735380781016e-02 4.590290120623726627e-03 9.559357995715271894e-01 -2.196233149655207662e+00 -1.809509992696554992e+00 1.000000000000000000e+00
1.287678055656206855e+00 -1.405919425464623673e+00 1.032857793931962309e+00 -1.408290144886532147e+00 -1.767146659044163126e+00 1.000000000000000000e+00
4.864534116794396734e-01 -1.212570499860064155e+00 -1.730142355519702191e+00 -1.226060135954588848e+00 -2.439709288169122914e+00 1.000000000000000000e+00
1.254429155228566017e+00 7.279864953116981230e-01 9.870982989651551076e-01 3.560194525679523103e+00 3.276410181742664296e+00 0.000000000000000000e+00
-7.113493796091363564e-01 9.195134506958899667e-01 1.562648682341598150e+00 -4.066969977910295242e-02 1.219017111322543423e+00 0.000000000000000000e+00
-1.868849768811425838e-01 1.170860328375756376e+00 -8.411702277176698050e-01 1.578321171390243860e+00 1.303396720611243342e+00 0.000000000000000000e+00
-3.939653341836008016e-01 4.532920116445502967e-01 -1.427396172544699304e+00 -3.325802045170789256e-01 -7.939868204920259576e-01 1.000000000000000000e+00
-1.131384292193370111e+00 -1.977759334523061074e+00 -3.158996831438995123e+00 1.011348759408751352e+00 1.896851426846832833e-01 1.000000000000000000e+00
-4.504057335946280993e-01 9.230998731595912998e-01 8.851036593932533059e-01 8.636027673029591512e-01 1.622279558925209919e+00 0.000000000000000000e+00
-8.726128099726067067e-01 -4.693492717619320298e-01 -1.190234649318451243e+00 8.790709276498461788e-01 8.742628538085130963e-01 0.000000000000000000e+00
1.518623602056991206e+00 9.065688031144210068e-01 -3.735475792718873089e-01 1.002613180244826818e+00 -1.811842107239524102e-01 1.000000000000000000e+00
-1.772879260583875238e+00 1.135457328949616818e+00 -2.606713792610412028e+00 -6.638785959393040947e-01 -8.060202406737906333e-01 0.000000000000000000e+00
-2.216356836924484597e+00 8.422319117122392118e-01 1.998371987345896716e+00 -2.725468681561210804e+00 -2.854700964855920731e-01 0.000000000000000000e+00
-4.065945143588693966e-01 -2.317589053458647186e+00 1.544187363217131903e+00 -5.796248696906786124e-02 9.892662356550965264e-01 0.000000000000000000e+00
-1.504934719795675058e+00 1.241980704285134740e+00 -1.230457460565534067e+00 -3.000591340416591812e-02 3.520220489808226771e-01 0.000000000000000000e+00
2.822755650746600065e-01 3.459202095394911525e-01 2.446660120057739363e+00 1.065279671653652560e+00 2.125393718529958953e+00 0.000000000000000000e+00
5.960114114434049704e-01 -4.433814881688522003e-01 1.745401679705153031e-01 2.470808913767288395e+00 2.199649458191855977e+00 0.000000000000000000e+00
1.968002830109395251e+00 -1.052821153668327181e+00 1.888409192190303454e-01 4.889859950044637138e+00 3.749446677997432253e+00 0.000000000000000000e+00
-5.938790949536956187e-01 -8.841779385165663419e-01 1.568122545909462318e+00 4.158193792272892320e-01 1.607032897275313399e+00 0.000000000000000000e+00
-3.077431776114885942e+00 2.566921073303854439e-01 -2.605685026497563950e+00 -2.368503429315024889e+00 -1.667648809635573937e+00 0.000000000000000000e+00
-1.495690336811144494e+00 2.719390120882168027e-01 -1.800178861813452436e+00 -1.684376949907004928e+00 -1.620623906442709261e+00 1.000000000000000000e+00
-1.965806396768809305e+00 3.244941723163021763e-01 -2.986341550790712063e+00 -9.277390242559266920e-01 -1.136590084406931656e+00 0.000000000000000000e+00
5.567216205918954497e-01 -2.598354753810560247e+00 2.336091527902808274e-01 -2.458739070414099892e+00 -2.749379980730623174e+00 1.000000000000000000e+00
-2.150746360633096543e+00 -6.438077769671478601e-01 -1.836382565649452570e+00 -9.929213056028389772e-01 -5.006991806366694053e-01 0.000000000000000000e+00
-2.334045062817380334e+00 1.229084298452399748e+00 2.199386213052777705e+00 -3.118235841907229133e+00 -5.046891614567008411e-01 0.000000000000000000e+00
-3.890572002879272295e-01 -9.204639783282163590e-01 3.767133833345570615e-01 1.052884296698761268e+00 1.517664445042201660e+00 0.000000000000000000e+00
-2.332334526700458266e+00 5.151018105571349981e-01 -2.452814519198767584e+00 -1.638270379357143369e+00 -1.345358075172232493e+00 1.000000000000000000e+00
2.902656414261188811e-01 -7.031858745625898521e-01 -1.847464513404051933e+00 -7.444222210194144651e-01 -1.879154149807294338e+00 1.000000000000000000e+00
-1.151392589198472205e+00 9.153821128651971062e-01 -1.080313011911692600e+00 -3.216375005459779501e-01 -1.038604064514909719e-01 1.000000000000000000e+00
-4.613489012710447756e-01 7.689491521001303731e-01 2.542787686752308041e+00 3.499291939405713148e-01 1.942589332632485011e+00 0.000000000000000000e+00
1.575738157089682900e+00 1.000034484817088787e+00 -2.575249170333065996e-01 1.682203945527780187e+00 5.291834963849584295e-01 1.000000000000000000e+00
1.284649856667571477e+00 1.239093024073929294e+00 -4.920972380645871613e-01 1.045783219911304851e+00 -4.126242927661605275e-02 1.000000000000000000e+00
-8.960636598915802109e-01 -7.938928810485867960e-01 2.249721597521936456e-01 -2.872076944329112536e+00 -2.206152417528059129e+00 1.000000000000000000e+00
-2.490988058548522233e-01 -4.299102263644322131e-01 -2.530232469623913349e+00 7.061905015057644563e-01 -3.909984332126373863e-01 1.000000000000000000e+00
-3.627791799831801001e-01 -1.756725811041576768e-01 -2.753592010472094564e+00 -6.219894664881797652e-01 -1.776250765188341907e+00 1.000000000000000000e+00
1.179452520513768476e-01 -1.092531843783868251e+00 1.174507273819012099e+00 1.032774957030903717e+00 1.561341078536846450e+00 0.000000000000000000e+00
-6.630873362566822582e-01 -2.242507919190033228e-01 -3.493431176309715891e-01 -1.320684977317911457e+00 -1.075284838811445987e+00 1.000000000000000000e+00
-1.461237258657916094e+00 9.538870049384059469e-01 -1.415986555038140304e+00 -1.517190118364047713e+00 -1.280399186829939362e+00 1.000000000000000000e+00
-3.498737811560967970e-01 6.818330675423340814e-01 -2.806427560324689985e+00 -5.685568772060101139e-01 -1.757193058736047586e+00 1.000000000000000000e+00
-1.352446150688237037e+00 -2.887054448204728341e-01 -4.394913643566414896e-01 4.936357603827351559e-01 1.180354702914672371e+00 0.000000000000000000e+00
7.153369648094694000e-01 -4.811159866712955840e-02 1.408431906664934896e+00 -1.051617928935487667e+00 -8.348870579793066238e-01 1.000000000000000000e+00
9.512659740996531887e-02 -5.125851295521060003e-01 -1.014631402917897551e+00 2.233551258981270937e+00 1.693560424797527109e+00 0.000000000000000000e+00
-2.550775563591078932e+00 -3.396423786030727254e-01 -3.494888840090152105e+00 -8.492486415265967370e-01 -9.234647014152967959e-01 1.000000000000000000e+00
-1.640191927122302218e+00 1.989514284903593500e-01 -3.113357091750494909e-01 -1.045842524454261291e-01 8.290817036941139362e-01 0.000000000000000000e+00
-1.073790509721702424e+00 -1.629372019408380501e+00 -1.792133842678883537e+00 4.205002288259634957e-01 2.395971055351564516e-01 0.000000000000000000e+00
-8.348066714498633134e-01 -1.306547821160246314e-01 -1.741291319440559260e+00 -1.320684795312863535e+00 -1.661726427438692699e+00 1.000000000000000000e+00
-7.275156800725057771e-02 -1.357773909314042016e-01 -2.297955488634956467e+00 -5.375599562603141646e-01 -1.654236775782933710e+00 1.000000000000000000e+00
1.064797929350488115e+00 -9.339734790614492854e-02 -3.066930458867324072e-01 3.010135999385216365e+00 2.192840843672127171e+00 0.000000000000000000e+00
-3.210398967072736642e+00 2.082077753115475216e-01 -2.722306775985974703e+00 -5.822853671732952652e-01 1.756964952864481511e-01 1.000000000000000000e+00
-9.259592354747729903e-01 1.171457197678949791e-01 -3.401828116345536834e+00 -2.722985274505645981e-01 -1.372610222417110393e+00 1.000000000000000000e+00
-1.933994991263026098e+00 9.703222190814624337e-01 -2.852429020348951738e+00 1.245472573024965168e+00 1.116090284165280000e+00 1.000000000000000000e+00
-1.445564723948261854e+00 -2.738980637291464904e-01 -3.090496314391264043e+00 -4.204457007597027784e-01 -1.020341916102210700e+00 1.000000000000000000e+00
1.548471754578874204e+00 1.741082957580155077e-01 -6.114797516765879681e-01 -1.555885729208488888e+00 -2.918463099986293052e+00 1.000000000000000000e+00
-2.785021533399075766e-01 2.034194818192864296e-01 -5.432034730883211759e-01 -1.808436494735798039e+00 -1.924141297432906850e+00 1.000000000000000000e+00
-2.172859853777776573e-01 -1.010210565903582491e+00 1.998758235541546524e+00 8.679366255614708869e-01 2.032136905071265431e+00 0.000000000000000000e+00
-1.242949726157313917e+00 -1.181467746160652199e+00 2.059005346467795983e-01 8.061419678923198440e-02 1.013036312952845241e+00 0.000000000000000000e+00
1.296450086517275002e+00 1.755185488667739158e+00 -6.966021078981100567e-01 4.109220290318812419e-01 -7.966445198552010165e-01 1.000000000000000000e+00
-3.245993674298935927e-01 1.710719423087004643e+00 8.968571922959817089e-01 9.492550946519628940e-01 1.631399604204260445e+00 0.000000000000000000e+00
-3.410650993473903547e+00 -3.260298126975860744e-01 -2.543097609974743545e+00 -2.805752782181095473e+00 -1.858224461202317546e+00 0.000000000000000000e+00
1.287666106128543930e+00 -8.508003998114544997e-01 -5.506502373986448262e-01 1.451865213166347424e+00 3.395426140164186091e-01 1.000000000000000000e+00
1.785137984398195155e-01 -4.534908197444352806e-01 8.023113002633319724e-02 -9.014417656828643821e-01 -9.936845317367887231e-01 1.000000000000000000e+00
-2.710943369408753689e+00 1.018392687481747494e+00 -1.282082170368649576e+00 -2.962284787512737605e+00 -1.848149180226473565e+00 1.000000000000000000e+00
-3.223785671879607628e-01 7.246332673833701943e-01 1.601687155749167202e+00 6.136475082331269704e-01 1.644024571719947758e+00 0.000000000000000000e+00
1.630752875476043862e+00 -5.662776681184011895e-01 -2.946676275690350844e-01 5.168866862783461080e-01 -7.092795826180262608e-01 1.000000000000000000e+00
-1.489988866959442326e+00 -1.060218796671517527e+00 1.446731275468756017e+00 -1.569539656420249063e+00 1.268130712853304809e-01 0.000000000000000000e+00
7.925029016036604368e-01 1.918200794513001961e+00 -1.043404306834470496e+00 -7.258088679528340581e-01 -1.789835406006079044e+00 1.000000000000000000e+00
-2.858574644443621082e-01 6.872617572447667911e-01 5.707525315178149095e-01 1.686155092979694015e+00 2.189598339930986626e+00 0.000000000000000000e+00
-1.247712552093951155e+00 -7.202539062705467510e-01 -2.183298051443035348e+00 -5.341364572719864423e-02 -3.226992710344889215e-01 1.000000000000000000e+00
1.070410923498247957e+00 -2.083789172950980539e-01 1.875172910428815065e-01 3.581486325846724661e+00 3.017998240150427058e+00 0.000000000000000000e+00
7.674319845230010984e-01 -1.517119777868343733e-01 -9.398632583544486163e-02 2.892212450263891732e+00 2.378180213979127711e+00 0.000000000000000000e+00
-4.718557060389345637e-01 2.020819123387196728e-02 -6.668729605798138227e-01 -1.478333006931081162e+00 -1.522520191874379591e+00 1.000000000000000000e+00
1.663907010924643881e+00 -4.412030532934700378e-01 -9.495217531521926713e-02 2.304344789660813575e+00 1.183982902813328408e+00 1.000000000000000000e+00
5.191934165447149585e-01 1.695493173844017321e+00 -1.080102216198211451e+00 -2.072777927226041594e-01 -1.099887101335370154e+00 1.000000000000000000e+00
-9.174484043728348137e-01 -4.498429606151968518e-01 2.236917492876763003e+00 -1.021665880819619954e-01 1.633253335039082765e+00 0.000000000000000000e+00
2.077289844671931007e+00 8.704028405734037799e-02 4.789715215254057856e-01 1.454886397563150524e+00 3.352526291086956878e-01 1.000000000000000000e+00
1.075280581143418512e-01 1.216810405799444661e+00 -2.186680574169202806e+00 1.943127815957332860e-01 -9.751786073587928039e-01 1.000000000000000000e+00
-2.025114483115109110e+00 -4.248322079238701643e-01 -1.975988655318109188e+00 -7.895042011801910453e-01 -4.480986419648212982e-01 1.000000000000000000e+00
-2.503252480986727369e-01 5.392929369436024745e-01 1.353142755705662337e+00 6.488327863180860522e-01 1.506647920849564670e+00 0.000000000000000000e+00
1.542908688942726592e+00 1.849122343170500171e+00 -3.077261964287236751e-01 5.576520770861779219e-01 -6.159802939744153383e-01 1.000000000000000000e+00
-4.326569328431889572e-01 4.862272918497648755e-01 -6.069003058913209347e-01 -1.623443443358103089e+00 -1.665754321745343436e+00 1.000000000000000000e+00
-1.886020781432883986e+00 1.203067253207238840e+00 -1.729665193307573290e+00 -5.367239350572803325e-01 -1.600485514965259704e-01 0.000000000000000000e+00
1.709231757118243600e-01 -2.308795122712145043e-01 -3.840829396049524336e-01 2.469095535748454306e+00 2.199688902168143834e+00 0.000000000000000000e+00
-9.550125052266051906e-01 5.778760937601706837e-01 9.112201782433406727e-01 -2.297500025969169690e-01 8.613131775343391139e-01 0.000000000000000000e+00
5.704918768583151500e-01 1.634966236730082567e+00 2.372796418440825672e-01 3.207713780883715060e+00 2.996398567312962058e+00 0.000000000000000000e+00
1.115994742256892769e+00 7.740701584158176107e-01 -8.784588916536091308e-01 2.109089703254610759e-01 -9.711274172330042198e-01 1.000000000000000000e+00
-1.007632808043078088e+00 -1.918867110712340507e+00 6.481609777766412783e-01 -3.103331444641691306e+00 -2.153610469619035683e+00 1.000000000000000000e+00
-3.041233505732994225e+00 1.965776597126049685e+00 9.363073679326157084e-01 -3.066904346016372074e+00 -6.176318112413423655e-01 0.000000000000000000e+00
1.289478726942088649e+00 3.441281485852222266e-01 -4.888152142882148388e-01 4.601383082806830283e-01 -6.374250833584319542e-01 1.000000000000000000e+00
-2.888741683449062014e-01 -2.307849730650592124e-01 1.056632997680526875e+00 7.955871937193906840e-01 1.532035155533587822e+00 0.000000000000000000e+00
-1.039603193131329206e+00 1.892911808227739634e-01 -4.041330274513923460e-01 -1.388132746884212176e+00 -9.206712630113151885e-01 1.000000000000000000e+00
1.981330356327412279e+00 1.518226520291066972e+00 3.044260006492267578e-01 5.724542097776196270e-01 -5.846590276437708678e-01 1.000000000000000000e+00
-1.051394495611900348e-01 8.182209668598001695e-01 6.896668449232545850e-01 1.251516178605599938e+00 1.687861865672561912e+00 0.000000000000000000e+00
-1.444313374563357399e-01 -1.039642625666474363e+00 -2.388427989875558932e+00 1.242987813316208223e+00 1.557123492960128530e-01 1.000000000000000000e+00
-1.075241170168051097e+00 1.887522855449391024e+00 -2.094258010154981253e-01 1.041053044430658048e+00 1.667410555644622372e+00 0.000000000000000000e+00
-1.965477600709178763e+00 5.108039960696048043e-01 -3.877590974229649490e+00 7.540526070492943322e-01 1.220041467642773991e-01 1.000000000000000000e+00
-1.705953971316725770e+00 1.916466126900140954e-01 7.780026930870813651e-01 -9.207112898048706029e-01 5.926798770752090828e-01 0.000000000000000000e+00
-2.941615721891613688e+00 2.582101751641909804e+00 1.179988299277281438e+00 -3.978384699164004612e+00 -1.486693182640657085e+00 0.000000000000000000e+00
7.083299889037348862e-01 1.698994064598100096e+00 1.879558064748065416e+00 -3.473172458834075993e+00 -3.051618535008249200e+00 1.000000000000000000e+00
-1.954133550246492934e+00 -1.191083651175774971e+00 -1.916941286456353533e+00 -2.768633012164482210e+00 -2.475020856939205149e+00 1.000000000000000000e+00
4.652795264755040794e-01 -9.495498839085295129e-02 -3.286609009342035259e-01 3.272485761282963868e-01 -1.429834171566015666e-01 1.000000000000000000e+00
5.717571024550516245e-01 -7.972644458167612441e-03 4.764587767516776928e-01 -7.124216250531534289e-01 -8.641085457832333727e-01 1.000000000000000000e+00
-3.812935085261635937e+00 1.025927641976344784e+00 -2.614057780632503825e+00 -1.432150519467398242e+00 -2.315106305539661458e-01 1.000000000000000000e+00
-4.035291382703600771e-01 1.697489925911117359e+00 -4.904834380061803278e-01 1.453555091844354941e+00 1.497511388847193370e+00 0.000000000000000000e+00
2.439173805023351349e-01 -3.467092655957186298e-01 9.503072674491085392e-01 1.780605499339376063e+00 2.123864794478648843e+00 0.000000000000000000e+00
1.361601943514253676e+00 7.005270908675974573e-01 -4.633010990867515444e-01 -4.918152422403586632e-01 -1.639108142813532343e+00 1.000000000000000000e+00
1.907321493054381811e+00 4.452540665959770494e-01 2.055602041837050198e-01 1.451330520915793398e+00 3.071562786353660979e-01 1.000000000000000000e+00
-1.427175986320467826e+00 -3.539761095220310683e-01 -1.308309904732069651e+00 1.816163396686658604e-01 4.759156828356119195e-01 1.000000000000000000e+00
-1.643255302179670307e+00 -3.847111614337901577e-03 4.615872419324934528e-01 -8.645720648140275966e-01 4.486363907620948277e-01 0.000000000000000000e+00
-6.872251234641286732e-01 -1.726091922380237120e+00 -6.885273471475940044e-01 -2.103173921522551559e+00 -2.024428886476472123e+00 1.000000000000000000e+00
1.568760574292703325e+00 -1.734528998015012924e+00 -2.007108451670012172e-01 -1.347657529688952804e+00 -2.513759334126143496e+00 1.000000000000000000e+00
-4.622940134605257878e-02 6.995335315316378866e-01 -9.824264150732283651e-01 1.849915940559489824e+00 1.414384232390375029e+00 0.000000000000000000e+00
-1.977159899762773065e+00 -1.723333296600983555e+00 -3.709989473214848399e+00 1.944309215075551878e+00 1.422616887948718212e+00 1.000000000000000000e+00
-1.327846012335633041e+00 -7.125654600391123639e-01 -1.428389622208580789e+00 5.724287904270687344e-01 7.461187360449527128e-01 0.000000000000000000e+00
-1.340137485870572576e+00 6.141854359032488109e-01 1.035642140069139794e+00 -8.669577611567145237e-01 5.334095989980276453e-01 0.000000000000000000e+00
-2.481070662580131980e+00 -5.438560300327857089e-01 1.254378556505750586e+00 -2.797640017565195425e+00 -5.570636120180809669e-01 0.000000000000000000e+00
-9.854792477520897265e-01 -1.915767330594719819e+00 1.355927018348657143e-01 3.678834924451657162e-02 7.617257636531801213e-01 0.000000000000000000e+00
-1.418640124885461873e-03 -8.371611703272453520e-01 -9.854057726145432072e-01 8.216802187060361085e-02 -4.117283367211578282e-01 1.000000000000000000e+00
-8.433383264680514024e-01 4.702216281342123244e-02 7.388823942745825768e-01 1.447272265372715472e-01 1.080403668547472495e+00 0.000000000000000000e+00
-1.766267339780965173e+00 -6.589206821014911286e-01 -1.312918642413330561e+00 -2.487343326070903693e+00 -2.010415375256934922e+00 1.000000000000000000e+00
-2.062004359858411462e-01 5.587225618679040329e-01 1.515984574380269567e+00 1.094620128929152836e+00 2.011856270151022308e+00 0.000000000000000000e+00
-1.558434422393220498e+00 -2.100927918733773936e+00 -1.332960390206618717e+00 -1.481228215911878365e+00 -1.137376472480796652e+00 1.000000000000000000e+00
-5.504295179872171762e-01 -1.336035257266146248e+00 -5.867075911462544813e-01 -6.661651046893655170e-01 -6.052617982637322758e-01 1.000000000000000000e+00
2.096801514639261566e-01 -1.921536207632380311e+00 1.486145164736663471e+00 2.286555813308166041e+00 2.930110764888438357e+00 0.000000000000000000e+00
-1.543965678297254396e+00 1.415967459383696836e+00 -9.604358527220686614e-01 3.418730510445271431e-01 8.915143529612626905e-01 0.000000000000000000e+00
-1.788163871526966320e+00 -2.742641691719255870e-01 -1.280858622594942098e+00 -1.227213816154601123e+00 -7.002985201926612557e-01 1.000000000000000000e+00
-1.340990828295777426e+00 5.664497169776423480e-01 1.400781657705360006e+00 -1.268179053055530581e+00 3.104489145684714568e-01 0.000000000000000000e+00
-1.003903751098840225e+00 1.011162965340884345e-01 1.010907982423965956e+00 -6.289187868515839774e-01 5.387787642642289931e-01 0.000000000000000000e+00
1.339802852578357406e+00 -7.322302456171100316e-01 6.353772391937739794e-02 4.254161069901766012e+00 3.459186495014147322e+00 0.000000000000000000e+00
-3.469054170346275168e-02 -4.688008003945069446e-01 7.911847503791771263e-01 2.363613664230444833e+00 2.821169679750989978e+00 0.000000000000000000e+00
-5.692737110682175583e-01 -4.156368471719669166e-01 7.748396408775510835e-01 5.282545873035853212e-01 1.305431546928729647e+00 0.000000000000000000e+00
9.595313543671650791e-01 1.690716138928564760e+00 -1.014576481647562423e+00 5.855742947420707889e-01 -5.550907104697617722e-01 1.000000000000000000e+00
8.907918754603039169e-01 2.725297555516096537e+00 8.596285328431152450e-02 3.686243330509781924e+00 3.192816646739978559e+00 0.000000000000000000e+00
-7.017514404258731187e-01 5.087954648200052610e-01 1.391992525102651257e+00 2.575454035296456112e-01 1.429486182127731819e+00 0.000000000000000000e+00
-2.225240807370636453e+00 1.645620460122228235e-01 -2.197398177952757159e+00 -7.567178909283521770e-01 -3.930385231864380602e-01 1.000000000000000000e+00
9.808262575010540107e-01 1.610849231940081117e+00 -9.425944740658105392e-01 2.341098870545751165e+00 1.249338857534534775e+00 1.000000000000000000e+00
-2.113595604674366690e+00 1.918230563556888035e-01 3.401006614262145344e-01 -2.123266781785153157e+00 -5.773240749357398949e-01 1.000000000000000000e+00
-1.378236720156704509e+00 -6.112209239027678320e-01 -1.024599041776949493e+00 5.512318644691901470e-01 9.614329849330022215e-01 0.000000000000000000e+00
7.474295400557440239e-02 -1.286600032767098445e-01 -2.039238469811891719e+00 2.597668548597310556e-01 -8.126670967141166324e-01 1.000000000000000000e+00
-9.942483708842738688e-01 -1.729993965608366935e+00 -1.030928722721253576e+00 1.067200814972454115e+00 1.226453567841056191e+00 0.000000000000000000e+00
-2.241219890097055245e+00 7.653055123315091191e-01 1.368574999063842723e+00 -2.189491084068864168e+00 -4.181150403171174368e-02 0.000000000000000000e+00
2.094152621530829261e-01 5.058950638976822400e-01 3.153277365088096307e-01 -1.442997316788001694e+00 -1.445736423993304376e+00 1.000000000000000000e+00
7.346630193393144381e-01 -1.259315157197776536e+00 -1.441535290424917903e+00 -1.281337765545687901e+00 -2.515787239913338524e+00 1.000000000000000000e+00
1.116731722395732040e+00 1.005644512625852860e+00 -7.694463188741037518e-01 2.589658156294262215e-01 -8.679446009226864378e-01 1.000000000000000000e+00
8.158050617503060931e-01 -1.269184860063485021e-01 -6.175226707036451934e-02 3.272928100989314082e+00 2.748739672315129390e+00 0.000000000000000000e+00
-2.015263182208001380e-01 -6.877170621651421678e-01 3.957193174280928538e-01 -3.909332295732448337e+00 -3.635715124862174186e+00 1.000000000000000000e+00
1.736523415696951123e-01 5.413186323690613033e-01 -2.088061173534482062e+00 -1.180988107583956559e+00 -2.365883980651925178e+00 1.000000000000000000e+00
1.013354538386528336e-01 -2.864421620226902943e-01 1.131123191562266816e+00 1.680893790480620709e+00 2.208587270857831797e+00 0.000000000000000000e+00
-2.283270866688819289e+00 1.223165512927856469e+00 -1.797565709143327695e+00 -6.970406863052001079e-01 -9.252006688226832587e-02 0.000000000000000000e+00
4.590916895239898210e-01 3.770819696701280810e-01 -1.700745247724642972e+00 1.271252909702629053e+00 1.288068623775198152e-01 1.000000000000000000e+00
-1.242704642402253201e+00 6.420592889872074327e-01 6.826156143554107381e-02 1.834518800060536137e-02 8.803583683864396603e-01 0.000000000000000000e+00
-2.174227936283939400e+00 4.490062983288404808e-01 -1.847494886154890992e+00 -2.235091517864913335e+00 -1.751824320367113774e+00 1.000000000000000000e+00
1.741308618075940728e+00 2.526393102788749845e-01 -8.687597345980779817e-02 -2.118220517572413364e-01 -1.418125106915497202e+00 1.000000000000000000e+00
8.227455946929596031e-02 3.422504881060206006e-01 -1.401581769289966806e-01 -4.671775131569334549e-01 -5.996596947311819692e-01 1.000000000000000000e+00
-1.295358802156775901e+00 2.258991390013916689e+00 -1.317324346421447245e+00 6.303189303725564852e-01 8.391799916449498298e-01 0.000000000000000000e+00
-5.013356899406815614e-01 -2.577590220415048039e-01 -2.596071001243411835e+00 2.829565036938565536e-01 -6.859161236115041138e-01 1.000000000000000000e+00
-1.442718267926397901e+00 4.544269632474388643e-01 -1.976191975831387282e-02 -1.518546837949666939e-01 7.964059025789050894e-01 0.000000000000000000e+00
6.544744819562078320e-01 -1.268594056047179786e-01 -1.550328969517591915e+00 -1.704065687377926408e-01 -1.389252537590731418e+00 1.000000000000000000e+00
-2.384939262868011944e+00 -6.340626143239413981e-01 -1.566131181605974865e+00 -8.960031759776794225e-01 -1.103217213891847237e-01 0.000000000000000000e+00
5.733304740649594056e-01 4.272467340563171900e-01 -1.712373126944280344e+00 4.039782573072473459e-01 -8.336410766991237953e-01 1.000000000000000000e+00
-1.492312466596338316e+00 -9.649105219895906527e-02 -9.298892179586002449e-01 -1.272460878532445605e+00 -7.665154509749944056e-01 1.000000000000000000e+00
6.530579749110138055e-01 -1.259515289888487877e-01 -1.493050920606738829e+00 2.732963870289393249e-01 -9.089855082636741912e-01 1.000000000000000000e+00
-1.307774696326102104e+00 2.475145132711488102e-02 1.480278203031581752e+00 -9.235896170832038621e-01 6.782149762795541825e-01 0.000000000000000000e+00
1.092908944686963313e-01 -2.556313687523369182e+00 -3.719086755336276084e-03 2.169270806145298103e+00 2.127805191385562011e+00 0.000000000000000000e+00
-8.531770716839017776e-01 1.727933822774541994e+00 -3.399159669739473255e+00 2.198735614557486562e-01 -9.200257540670444545e-01 1.000000000000000000e+00
9.135161631081840650e-01 1.586450856799818121e+00 -2.060060107253336881e+00 3.059118185001420187e+00 1.460568935917258226e+00 1.000000000000000000e+00
-5.958526277578002350e-02 -5.252474729282677890e-01 2.759570772967874230e-01 1.532568647845791165e+00 1.734602904886915820e+00 0.000000000000000000e+00
-2.034886078387803998e+00 1.639892440227278092e+00 4.525035315381613632e-01 -1.573304432114268625e+00 -1.476677715926300039e-02 0.000000000000000000e+00
-2.631640038174483553e+00 -1.278958152552398531e+00 -1.066852098340852706e+00 -8.516228416998343764e-01 3.503448430744791064e-01 0.000000000000000000e+00
-6.855435557117083301e-01 -5.746972714484843182e-03 6.457059436377070583e-01 3.813708568223329598e-01 1.168700173448073754e+00 0.000000000000000000e+00
-2.736799960297653378e-01 8.596349780581588607e-02 -1.540096307717196744e+00 1.310111883919812037e+00 7.370019362921154116e-01 0.000000000000000000e+00
-3.312802358153965621e-01 1.372767777815868395e-01 -2.755966782279511751e+00 -1.444427505481398200e+00 -2.633431612137295375e+00 1.000000000000000000e+00
8.280819246466986083e-02 4.876547545273237083e-01 -2.142217032131448651e+00 1.325720148531611242e+00 2.123720177032817347e-01 1.000000000000000000e+00
-2.260576968638662976e+00 1.039157835797258622e+00 2.341749604919976857e+00 -2.643221625097100791e+00 3.470722207810084114e-04 0.000000000000000000e+00
-1.224455488251066537e+00 -1.231138580312231223e+00 -1.763367283323566514e+00 -5.989169477845349698e-01 -6.806160230247733089e-01 1.000000000000000000e+00
2.489749607058482361e+00 -4.175847358462764225e-01 8.863080362592328232e-01 -1.425142916994860398e+00 -2.658350905042437873e+00 1.000000000000000000e+00
-9.246436088221586802e-01 3.866155082903423579e-01 -1.002084823076896614e+00 -2.006484891158758721e+00 -1.926051966963378881e+00 1.000000000000000000e+00
-1.181865877574003187e-01 -1.530861264293958968e-01 6.578752537882346374e-01 1.772558825526926896e+00 2.209552982372556151e+00 0.000000000000000000e+00
-1.671664465026980517e+00 1.131237823460648828e+00 -1.521436213932551240e+00 -9.305144428019826996e-01 -5.977426899606144151e-01 1.000000000000000000e+00
-2.747809853043542638e+00 1.217211364671108909e+00 -1.904222396202547296e+00 -1.526262982685822056e+00 -6.788374111603365790e-01 0.000000000000000000e+00
-9.692279184878348497e-01 -6.517769241515628531e-01 -1.876750800134328490e+00 2.572592367321721030e-01 -3.835554717773070887e-02 1.000000000000000000e+00
-1.009098311312645713e+00 5.734281703423849130e-01 -6.625131643916298829e-01 -1.564860554002083681e+00 -1.250491032415315562e+00 1.000000000000000000e+00
-4.306976012834269341e-01 1.234916338224734567e+00 -2.623847338116957140e+00 2.916833637098275589e-01 -7.380690312420767896e-01 1.000000000000000000e+00
1.902500228898827750e+00 1.469624921022397446e-01 2.341380251473381691e-01 8.861409256408621093e-01 -2.490783847525728234e-01 1.000000000000000000e+00
-3.220142817771900923e+00 1.823206608510865578e+00 2.605193618500413422e+00 -4.173222395812421937e+00 -7.815605999646659807e-01 0.000000000000000000e+00
2.182928625321563842e+00 1.988760493192223588e+00 6.375615997960921710e-01 7.414663605295407356e-01 -3.795670756871213358e-01 1.000000000000000000e+00
-1.230719295367749266e+00 1.993185141992724452e+00 1.748798624569353199e+00 -8.426749330787618453e-01 8.442502306528303357e-01 0.000000000000000000e+00
4.490199709338345002e-01 1.581512123699798877e+00 -1.607078335174490613e+00 -4.674542110426177510e-01 -1.582625189056774184e+00 1.000000000000000000e+00
-9.516725579646447830e-01 -2.894345290278307892e-01 -3.620067438600330423e+00 -7.147636150289237156e-01 -1.914593078861612785e+00 1.000000000000000000e+00
-9.214480046513351397e-02 -7.763744964942749238e-01 -1.355297542793962418e+00 1.862220014816745151e+00 1.269725975613263724e+00 0.000000000000000000e+00
7.697247543286025451e-01 3.122904963430440106e-01 1.089516798563634481e-01 3.612973024082656526e+00 3.210603521710821973e+00 0.000000000000000000e+00
-3.683376522866026459e-01 9.384771856310568650e-01 3.300610475873220206e-01 1.519047484778233814e+00 1.953674225045051172e+00 0.000000000000000000e+00
-2.285319139427179902e-01 -1.259674461084416830e+00 -2.407334912728769094e+00 4.993236159667663321e-01 -5.528494066273319518e-01 1.000000000000000000e+00
2.857302905496584167e+00 1.031140626864934351e+00 1.281325359221044735e+00 1.662978249617264037e+00 4.311508112526842851e-01 1.000000000000000000e+00
-1.618449237732177526e+00 -1.213003269975109877e+00 -1.761263958644330163e+00 -2.003324848672504155e-01 -1.256510249038922389e-02 0.000000000000000000e+00
3.424257905594294549e-01 1.195252581669009884e-01 5.308186978483970808e-01 -2.667974585505210605e-01 -2.316191370003142236e-01 1.000000000000000000e+00
9.032834756040885038e-01 1.624028144021401887e-01 -1.159710605764150193e+00 -3.069916404992824033e-01 -1.496923217306584952e+00 1.000000000000000000e+00
1.055924739461851392e+00 -2.162284691521237368e-01 -5.936752199472916658e-01 3.078400822166160733e+00 2.123577440329673660e+00 1.000000000000000000e+00
-1.564693497205207340e+00 1.694345027553135541e+00 4.865546281579903320e-01 -3.214936979449108945e-01 9.602838635207878726e-01 0.000000000000000000e+00
8.145238148177366133e-01 1.582866263482683999e+00 -1.137084568789569428e+00 8.829097257166782509e-01 -2.183417812234148547e-01 1.000000000000000000e+00
-2.996463883231006431e+00 -7.938709739337007631e-01 1.276020917892670692e+00 -3.305027152575698679e+00 -7.181754539956053396e-01 0.000000000000000000e+00
3.626020729335779347e-01 1.780795130383485025e+00 -1.795949281093419891e+00 2.882418388840065626e-01 -8.529246317196730320e-01 1.000000000000000000e+00
-8.251206580299558224e-01 -6.562371279851363370e-01 -8.928610832385213136e-01 1.016875114546606174e+00 1.132266063279909751e+00 0.000000000000000000e+00
-7.200167608867824587e-01 2.461805020160936497e-01 -1.214187517382418591e+00 9.663288073911666665e-01 8.492007942313409830e-01 0.000000000000000000e+00
-1.418957078717296705e+00 -3.049973457242287078e-01 -2.373121012735226465e-01 -2.603582258202120858e+00 -1.818155233041343966e+00 1.000000000000000000e+00
8.184396721262077179e-02 9.942225566463852582e-01 -3.771739273080429999e-01 2.226962120671280410e+00 2.016638402193529522e+00 0.000000000000000000e+00
1.347065176325218383e+00 -9.939459053057753124e-01 -6.266983098003047203e-01 -7.004373114799499200e-01 -1.923503433714305544e+00 1.000000000000000000e+00
-1.664456257410650508e+00 4.616593085573458821e-01 -1.887212476263043115e+00 -1.148376352730782868e+00 -1.007883113469460579e+00 1.000000000000000000e+00
9.455192584940914635e-01 2.325834814882726587e+00 -1.095875910600076608e+00 -6.117282862738672167e-01 -1.802302055414787274e+00 1.000000000000000000e+00
-1.295929518440086969e+00 -6.573087652533701752e-02 -2.874207854146946239e-01 -4.445822014984859294e-01 2.667219783216600026e-01 0.000000000000000000e+00
1.820994504435436312e+00 5.654163550953227313e-01 2.009245628031512076e+00 5.109802087006747762e+00 4.987100078927758418e+00 0.000000000000000000e+00
1.875466637566423511e+00 -1.458338824553176982e+00 1.307080276821760645e+00 4.975435583264277817e+00 4.460911161492834509e+00 0.000000000000000000e+00
-3.183733831090739930e+00 1.103106575583756160e-01 -3.202165994521772863e+00 -2.445937265490932599e+00 -1.975788171793116277e+00 0.000000000000000000e+00
-1.163725954509891469e+00 1.215785875802360416e-01 -8.998007159474326055e-01 1.106213983181482341e+00 1.444913612073222886e+00 0.000000000000000000e+00
-1.047868507892237844e+00 1.331356472526923795e+00 6.249906995380116737e-01 1.617316291763141178e-01 1.176501832590774121e+00 0.000000000000000000e+00
-2.095803699882215376e+00 7.300570337111026431e-01 -2.928756815462298491e+00 -6.362194730219694616e-01 -7.250726939640075308e-01 1.000000000000000000e+00
6.419389883330456348e-01 8.499614047688600627e-01 -1.447674850336534869e+00 -2.786269594381610148e-01 -1.439101187578082142e+00 1.000000000000000000e+00
-1.607169741597004986e+00 -5.387551640373330342e-01 -3.072557352953124710e+00 4.213621599400863005e-01 -4.903745405311021877e-02 1.000000000000000000e+00
-3.180419485546671643e-01 1.565346158525371956e-01 7.826375263585971798e-01 -2.269739552726893095e+00 -1.698685780466920869e+00 1.000000000000000000e+00
5.565150500075120021e-01 -1.195579843702644585e+00 -3.787789612886942603e-01 3.111605197323000116e+00 2.597974441179781380e+00 0.000000000000000000e+00
-1.480891521320207849e+00 8.628978217523177729e-01 -2.195911727177039197e+00 -7.856552633781110906e-02 -1.993403592082843012e-01 0.000000000000000000e+00
-2.380045381487118306e+00 1.692870082668809895e+00 -2.354618907504490544e+00 -6.269348418605029671e-01 -2.373572545660965760e-01 1.000000000000000000e+00
3.555539590675371286e+00 -1.029733682092522029e+00 2.437070680468242934e+00 2.363530198438606789e+00 1.259397360699103796e+00 1.000000000000000000e+00
-1.065674744282474107e+00 1.850994266059547311e+00 1.187811810909014776e+00 -4.765927469990652865e-01 8.236211476827188793e-01 0.000000000000000000e+00
-1.349462903230621347e+00 1.208414911255487612e+00 -1.385877763685090525e+00 2.591926979674686882e-01 4.638873914954939615e-01 0.000000000000000000e+00
-2.770378996598276800e+00 -2.442511738214396377e+00 -2.990973748663183329e+00 -3.200463301846356856e-01 1.373038543619853336e-02 1.000000000000000000e+00
4.316366082373070956e-01 -3.554864225777012443e-01 -2.602347785487690857e-02 -5.740198851591910012e-02 -3.587557247082263645e-01 1.000000000000000000e+00
-7.040860139956728325e-01 9.993442746151945943e-01 -7.030360064929253028e-02 -2.586259605891630287e+00 -2.192434353748129894e+00 1.000000000000000000e+00
-5.155943040380053244e-01 -5.409488637095428709e-01 1.578907523215720143e+00 9.332122245798997184e-01 2.085646462970898618e+00 0.000000000000000000e+00
2.218455969015522555e+00 -2.678528125056284015e+00 5.871013483493361385e-01 -2.648877643575027196e-01 -1.450366673133695272e+00 1.000000000000000000e+00
-5.239599573267093024e-01 -6.401862403094205067e-01 1.628344784168397119e+00 2.822039702324250499e-01 1.455142241135380266e+00 0.000000000000000000e+00
-5.802874031959628365e-01 -3.059392609583888936e-02 2.518058299941383638e-01 1.714729439741533357e+00 2.254062889522245428e+00 0.000000000000000000e+00
-2.610220406346319688e-02 2.253135502831132841e-01 8.680049204438503585e-01 1.803835957230046860e+00 2.285789179470324672e+00 0.000000000000000000e+00
-5.406671688232961293e-01 -8.753338457027127761e-01 -8.470225638071400276e-01 9.883580173573734973e-01 9.370068894160489270e-01 0.000000000000000000e+00
-2.091443661371426010e+00 6.022800650344095619e-01 -2.762875976926972399e+00 -1.088886719928225721e+00 -1.104052675042878295e+00 0.000000000000000000e+00
-1.892272602191228614e+00 -1.055473323273669051e+00 -2.011372507135877896e+00 -3.775230725993524716e-01 -1.360750641560417584e-01 0.000000000000000000e+00
-1.431736273622564948e+00 7.668743113992808613e-01 -1.611797549184683653e+00 -2.398315662410257509e-01 -1.017296803167266894e-01 0.000000000000000000e+00
7.749544437860140800e-01 1.219971555315492395e+00 5.916882309499310599e-01 2.554716034551782755e+00 2.375714048951477864e+00 0.000000000000000000e+00
9.305901186648899426e-01 6.566207159879686728e-01 -1.174128194311738760e+00 -1.418290311011056737e+00 -2.650653410683271538e+00 1.000000000000000000e+00
-1.309648016578060847e+00 1.725122785720661023e+00 -1.765720283209164965e+00 2.151681168343400063e-01 2.014520173490436106e-01 0.000000000000000000e+00
-2.013632493596619888e-01 1.330910794189604507e-01 9.668807720596375166e-01 1.274345215031673417e+00 1.914665649250439694e+00 0.000000000000000000e+00
3.423122507641734868e-01 -6.411041535797766810e-01 -1.745488394447620273e+00 -5.604214876229068887e-01 -1.675652069341246442e+00 1.000000000000000000e+00
-4.104509431231742056e+00 -1.251228213801456636e-02 1.643433872462190415e+00 -5.868052681529597692e+00 -2.397706584683571229e+00 0.000000000000000000e+00
-2.554387726747069820e+00 -8.108468884208874794e-01 -2.354974470463624847e+00 -2.253395388826762158e+00 -1.772793538698851812e+00 1.000000000000000000e+00
-1.036254296784260509e+00 -2.025949065913680514e+00 8.693743811536800425e-01 -2.887060084543956462e-01 8.344777159432801295e-01 0.000000000000000000e+00
7.926105209042135780e-01 -9.526516950011898466e-01 6.410631702078872785e-01 2.781792611761678025e+00 2.619365358871965643e+00 0.000000000000000000e+00
-8.188603494776023339e-01 -1.123961033070904669e+00 -4.760577772440759414e-01 1.210473229435687248e+00 1.534493911268239419e+00 0.000000000000000000e+00
-1.147293115516345496e+00 9.184299603037756610e-01 -1.097045542756327929e+00 5.469630945578484171e-01 7.668687170330925618e-01 0.000000000000000000e+00
-2.483871920732181771e+00 -1.243211432060924437e+00 -1.291047594573933921e+00 -1.892415141096300824e+00 -9.176131656465624786e-01 1.000000000000000000e+00
2.651441149038876732e-01 1.348433183059589924e+00 -1.712352910113740689e+00 9.863909860242621175e-01 -3.712846579749506937e-02 1.000000000000000000e+00
1.539959264458507615e+00 -1.025650929220252250e+00 -3.001502868033413263e-01 -7.470612538169494332e-01 -1.934866286040630268e+00 1.000000000000000000e+00
-1.604330074341772772e+00 9.400681026392917472e-01 -1.939437974179963664e+00 -2.833391521983814609e-01 -1.959420284032697968e-01 0.000000000000000000e+00
-1.229901585350623439e+00 -6.619951603828723163e-01 4.749722040641044529e-01 -4.547345685253236791e-01 5.962770478361159032e-01 0.000000000000000000e+00
-2.533765240956603826e+00 1.454198592806195789e+00 -1.309006262897287165e+00 -2.381086420119992830e+00 -1.389579986991855698e+00 1.000000000000000000e+00
-1.495939549362887533e+00 -2.337570792210029058e+00 8.516286035171535262e-01 -1.943687017330036904e-01 1.227372338693793807e+00 0.000000000000000000e+00
-1.023889815266486591e+00 3.738722307759652086e-01 9.334128395164660308e-01 -2.793016954739231950e-01 8.680336382788474969e-01 0.000000000000000000e+00
1.517288221210046029e+00 -3.831491300925187748e-01 1.266528752528981672e+00 4.297625596945206183e+00 3.990789024297763277e+00 0.000000000000000000e+00
1.081008636867570427e+00 -2.541412045220833860e-01 -8.761404656231882582e-01 -9.807590884609211912e-01 -2.156557061829416977e+00 1.000000000000000000e+00
-1.315254241781327549e+00 -5.371799773660178579e-01 -5.474250481949297642e-01 8.779302323913874551e-01 1.491425190252452460e+00 0.000000000000000000e+00
-1.227758060453699951e+00 1.532769895956718198e-01 -5.973254483045629115e-01 8.160300944505501919e-01 1.345203319732218405e+00 0.000000000000000000e+00
8.327999672120284247e-01 -1.301252806540479368e-01 -1.255403312549055350e+00 -5.148376452265877035e-01 -1.709196935293496367e+00 1.000000000000000000e+00
-1.345447721391755058e+00 -1.482011765578033158e+00 -1.387536335400184173e+00 -2.485395277277122617e+00 -2.326176314439831749e+00 1.000000000000000000e+00
-3.209687757889879478e+00 1.524691658443993125e+00 -2.193256027195662927e+00 -2.104618410454780708e+00 -1.104040274413191636e+00 0.000000000000000000e+00
2.392229104112117977e-01 6.163527576948212294e-01 -2.031122730299586898e+00 -3.961252559596717959e-01 -1.584009943832744183e+00 1.000000000000000000e+00
-1.897911365018465801e+00 -6.572811688309330991e-02 7.997384022281373017e-01 -1.724683348556327545e+00 -8.484177956211591543e-02 0.000000000000000000e+00
-2.731171801203466920e+00 2.947668759739200395e-01 -3.014251021766133576e+00 -9.098426955432283858e-01 -6.229067083302985974e-01 1.000000000000000000e+00
9.135511415077860464e-01 2.210719172620837725e+00 -1.067657373421894818e+00 1.165474646233708444e-01 -1.027400060990192987e+00 1.000000000000000000e+00
-1.172271677866662198e+00 8.711447954729543974e-02 -5.192300553409205932e-01 8.922524245321988845e-01 1.424966203382721730e+00 0.000000000000000000e+00
-9.984285075816272670e-01 -5.779074819310555527e-02 4.193910675826617585e-02 -2.234932263041153444e+00 -1.583259796867602542e+00 1.000000000000000000e+00
7.601322805376197200e-01 -8.731249844014721262e-01 -1.113288182813190863e+00 1.741988395149607793e+00 7.020659732600105229e-01 1.000000000000000000e+00
-1.654284159879312099e+00 1.406976290082394776e+00 -9.076171652446221039e-01 5.082479949583618151e-02 6.960547046584645292e-01 0.000000000000000000e+00
1.054334125731601457e+00 -1.819288049346281966e+00 -1.035413170453878040e+00 1.056252605693507984e+00 -1.508230765311355803e-01 1.000000000000000000e+00
-2.366133755797713345e+00 -3.202509021757300733e-02 -2.281637645613004750e+00 -1.259784933288347730e+00 -8.524043011122610647e-01 0.000000000000000000e+00
-2.260850011035621110e-01 4.564068565820479373e-01 1.345047490934075718e+00 -3.105434584902188266e+00 -2.325240137401062501e+00 1.000000000000000000e+00
1.258680993569186946e+00 8.885998850561011020e-01 -1.806678805337187388e-01 2.047956075618343474e-01 -7.210326091730483444e-01 1.000000000000000000e+00
-3.944580793834444599e-01 1.756465595176927644e-02 -1.985312847944815662e+00 1.432305779890863828e+00 7.173339226375574640e-01 0.000000000000000000e+00
-1.639200375591691738e+00 -5.465265862811792552e-02 -2.858387182888852962e-01 -7.224057005745201376e-01 2.139893150039199332e-01 0.000000000000000000e+00
-4.623516567407147670e-01 1.254590048627923504e-01 1.244140985846017733e+00 6.771510666192744887e-01 1.621685600967085694e+00 0.000000000000000000e+00
2.881173018978384626e+00 1.592842024319264915e+00 1.330023026375929618e+00 1.208146713451456744e+00 -2.201119675129026287e-02 1.000000000000000000e+00
6.851891739993283270e-01 -1.065273866821714543e+00 -1.223404824793837831e+00 1.010319561285681234e+00 -4.633289747123492397e-02 1.000000000000000000e+00
-1.428002846513972912e+00 -4.686306365992637391e-01 -1.527035574586563582e+00 6.812230759986714901e-03 1.888728754387665187e-01 0.000000000000000000e+00
-2.117484797450249090e+00 4.628761662327225412e-01 -2.009704215897488933e+00 -7.391685312824252119e-01 -3.524689864071224310e-01 0.000000000000000000e+00
-8.941779278966920375e-01 2.907342058775160831e-01 -1.220994019989849466e+00 9.020813614010634307e-01 8.964971029820293369e-01 0.000000000000000000e+00
2.076348764581636974e-01 -1.423556123365439463e+00 -7.688084312406084919e-02 -7.321177223651539334e-01 -9.202567446033869114e-01 1.000000000000000000e+00
-3.353777367168778945e+00 -1.781304906147414616e-02 1.212350131782510498e+00 -4.329198563046722903e+00 -1.552170352703258871e+00 0.000000000000000000e+00
5.636894386075074204e-01 -1.171994429003240246e+00 -1.622345382576616757e+00 -3.644870649803061968e-01 -1.562114217471496147e+00 1.000000000000000000e+00
-5.924967143112567225e-01 -6.437145082508217708e-01 1.796944387746232774e+00 6.417778009199615052e-02 1.364293123002986885e+00 0.000000000000000000e+00
1.876054409333807182e+00 1.051689263969102894e+00 1.241700781806682752e-01 -1.964285904023326257e-01 -1.385957180661987698e+00 1.000000000000000000e+00
8.430539125036804471e-01 2.483466737612914643e-01 -1.135508583312934805e+00 1.431901199775877265e+00 3.208430035522549240e-01 1.000000000000000000e+00
1.424291411561399823e+00 2.269843450043138589e+00 -6.517787997317441295e-01 -1.398052992604059686e+00 -2.695828609906121276e+00 1.000000000000000000e+00
-8.665125943016784849e-01 -5.656513106035832017e-01 -3.007410393841595031e+00 -1.367640910147124300e-01 -1.076014154919140875e+00 1.000000000000000000e+00
-1.857798282322478345e+00 1.323500337634076762e-01 -2.911213693708325501e+00 -1.012229536654580153e+00 -1.256459364131373491e+00 0.000000000000000000e+00
5.584071695139902758e-01 -1.681517963258487569e-01 -3.467956464649296633e-01 -1.403025090500792604e+00 -1.970846983423925503e+00 1.000000000000000000e+00
-2.174749287200934411e+00 -9.789646698621418119e-01 1.589550390738390995e+00 -2.191371790981548884e+00 2.327317954025565072e-02 0.000000000000000000e+00
4.886371578284917083e-01 -2.800664413013392862e-01 -1.618690817336483789e+00 1.707275611394992731e-01 -9.669075126967296985e-01 1.000000000000000000e+00
-1.107502252178202307e+00 9.230858653133944269e-01 -1.266973686672390631e+00 -1.916385837480560905e-02 8.004377056894873554e-02 1.000000000000000000e+00
-1.501363371361561283e+00 -2.091558857928157711e-01 -1.757294418363894106e+00 -1.215540437109826621e-01 -8.536935417932989267e-03 1.000000000000000000e+00
2.121494786392896792e+00 2.621405811336763314e-01 4.731959357589408111e-01 1.827828177500832041e-01 -9.886411054975435819e-01 1.000000000000000000e+00
-2.737808581750253101e+00 -1.226499225266362236e+00 1.046358609289533392e+00 -2.900599086452750441e+00 -5.953928299735040675e-01 0.000000000000000000e+00
7.569936723515749977e-01 7.598691914262424574e-02 -1.233268168661132869e+00 3.396782000380058619e-01 -7.800006191930574095e-01 1.000000000000000000e+00
-1.535810465638869804e+00 -2.898128822634732371e-01 -5.192251320223262301e-01 3.016220903105983897e-01 1.067343533538331668e+00 0.000000000000000000e+00
-1.450521785194677005e+00 1.113709900135040121e+00 -1.077850854753291454e+00 3.148846028155013466e-01 7.427882779633013799e-01 0.000000000000000000e+00
-8.207216644075516765e-01 -7.119090324199066622e-01 -5.111631886365110011e-01 1.242662236009245413e+00 1.550740712113009234e+00 0.000000000000000000e+00
-1.223334477396097464e+00 1.625999045607622095e+00 -1.682863627863104394e+00 4.476307625031382686e-01 4.217172444582192314e-01 0.000000000000000000e+00
6.019218736576861239e-01 -8.129782209320640662e-01 2.221278248495659469e+00 1.860176945003844562e+00 2.606164643352877786e+00 0.000000000000000000e+00
1.465671349572645887e-01 2.300453704756294238e-01 -2.051218112698137475e+00 4.924111720521517355e-01 -6.303155382072216373e-01 1.000000000000000000e+00
-5.982094082508893074e-02 -3.976741882146784257e-01 -2.433054064740611366e+00 -1.825188339788768488e+00 -3.038177890948298820e+00 1.000000000000000000e+00
1.205466869128153595e+00 -8.017634739485153261e-01 -8.045174003379419458e-01 1.145555698763619512e+00 -4.453222072505069740e-02 1.000000000000000000e+00
-1.506729859110477410e+00 -1.569275103204353705e+00 -4.286742415779581705e+00 -9.588001990530795604e-01 -2.128449660947655531e+00 1.000000000000000000e+00
-1.966454112968810453e+00 3.803433887400182734e-01 -2.022927331654249983e+00 -7.197438641057787301e-01 -4.399574728378747857e-01 0.000000000000000000e+00
1.843853119694355280e+00 -5.110149623015499687e-01 -5.596075239092734854e-02 1.447325600072329799e+00 2.136846997166284012e-01 1.000000000000000000e+00
-1.794617222623283492e+00 6.997362162995216517e-01 -2.148474472709343885e+00 -8.137607984904686731e-01 -7.130234659907699335e-01 1.000000000000000000e+00
-3.174913885532287150e+00 4.059628000502840672e-01 1.320166617296443246e+00 -4.238648667437587392e+00 -1.525039785387548363e+00 0.000000000000000000e+00
1.257072343216607546e-01 -8.812526987722528737e-01 -8.273024670406803338e-02 2.263801557929430164e+00 2.173074009899257142e+00 0.000000000000000000e+00
2.615827841242805984e-01 -6.199496439696474542e-02 1.476120500357577248e-01 2.281896598977591673e+00 2.216947248002806070e+00 0.000000000000000000e+00
-4.925104112956840696e-01 -2.039889794549686997e+00 1.472056749773195783e+00 3.697111904661007920e-01 1.444366706067541362e+00 0.000000000000000000e+00
-1.908730287147665905e+00 5.562958555134827066e-01 6.309097549617176393e-01 -1.449607296949648738e+00 1.166475893504839156e-01 0.000000000000000000e+00
-9.418360057346850667e-01 -2.094751729947445101e-02 1.711100629597174239e-01 2.899093831337570260e-01 1.007541541667031471e+00 0.000000000000000000e+00
-2.191562061599583888e+00 -5.390362255466957242e-01 -3.217711805999360575e+00 -1.572969057689883599e+00 -1.757865059589571288e+00 0.000000000000000000e+00
-1.823669970316340816e+00 -2.156691887448674849e-01 9.094204764207940439e-01 -1.395234802695588083e+00 2.554348550792234773e-01 0.000000000000000000e+00
8.772079834957382527e-01 2.056697308072938102e-01 5.960763913350899390e-01 3.735692277724308674e+00 3.508879534530198629e+00 0.000000000000000000e+00
-1.588336112267926037e+00 1.135982498755350401e+00 1.041809041613155795e+00 -1.192143787770522545e+00 3.716012963798757118e-01 0.000000000000000000e+00
-4.890418354170090742e-01 -1.723793450875218958e-01 1.862064652690309519e-01 1.062994002106561364e+00 1.498586721778002007e+00 0.000000000000000000e+00
-1.527583121221411266e+00 1.994538931853817032e-01 1.272169884129318529e+00 -1.398438619226856749e+00 2.376778796588119302e-01 0.000000000000000000e+00
-6.375015489914515054e-01 -1.425459063682657179e+00 -7.129688170906247624e-01 -1.295662216806169109e+00 -1.249979359753631503e+00 1.000000000000000000e+00
-1.758916684810262421e+00 -1.076086227267874174e+00 -2.080834913184801849e+00 -8.045157564446149268e-01 -6.933529527076363053e-01 0.000000000000000000e+00
-1.531393024250521151e+00 1.229668828885305709e+00 -8.535462523147749891e-01 4.381983067033632384e-01 1.034754908976630139e+00 0.000000000000000000e+00
-2.475775328796085972e+00 -9.758069735217922425e-01 -6.270653447540925907e-01 -1.932552958992362235e+00 -6.294769431467102105e-01 1.000000000000000000e+00
8.270798323479936487e-01 -1.886100706680021055e+00 -1.273584261488881264e+00 3.520338928021693459e-01 -8.344148164135387624e-01 1.000000000000000000e+00
1.726147492949459128e-02 1.081075363841849990e+00 -9.785080555290837090e-02 -7.298390304734254652e-01 -8.017537984818110530e-01 1.000000000000000000e+00
-2.104573045317168045e+00 6.186484805977678914e-01 -1.544710160365744489e+00 -9.929854194933011025e-01 -3.846645820142917671e-01 0.000000000000000000e+00
-1.850861733610004167e+00 1.494577723684910320e-01 -1.259546512471419355e+00 -1.303514847514296804e+00 -7.252938781093444254e-01 1.000000000000000000e+00
2.004596755103979611e+00 1.511631123739191063e+00 2.414226649669966029e-01 -6.929426694831992695e-01 -1.916614071889490400e+00 1.000000000000000000e+00
-7.467365982187039730e-01 -8.300526079217113162e-01 -1.773821122767352154e+00 -6.195712586943818989e-01 -1.024904328467393766e+00 1.000000000000000000e+00
-2.348396816619169769e+00 -1.211743069471774570e+00 -2.090215589176338096e+00 -1.005020038277071759e+00 -5.091822624059385571e-01 0.000000000000000000e+00
-3.450537051826505497e+00 2.748003581152766994e+00 -3.062409496809429754e+00 -2.900594527963072267e+00 -2.189405934857880265e+00 0.000000000000000000e+00
-2.321082003637090274e+00 5.282900335229546718e-01 -1.488923389084422677e+00 -1.316264107491081026e+00 -5.406538394120570246e-01 1.000000000000000000e+00
-1.744160793139305277e+00 3.211528034731713777e-01 -2.673830285494536607e+00 2.614283968564528049e-01 8.052602995547331055e-02 1.000000000000000000e+00
-1.976329381169957600e+00 -8.213088038050673223e-01 4.341818277471727328e-01 -1.457006184318252906e+00 5.509999987106695141e-02 0.000000000000000000e+00
-6.293954742209904030e-01 -1.674159628993087123e-01 -3.065669273624199498e+00 9.934050371801417256e-01 -1.157613445250281758e-01 1.000000000000000000e+00
-5.540354019314588374e-01 -2.583643072101777238e-01 -7.782613507192502889e-01 1.392400544983729782e+00 1.390745389786676611e+00 0.000000000000000000e+00
7.112718227145564676e-01 1.371208672900439129e+00 -5.454771269003435563e-01 1.686185458410305871e-01 -5.769705577147801190e-01 1.000000000000000000e+00
-2.315354922835312301e+00 4.556676737973321817e-02 2.254032999830877237e-01 -2.163588793507543517e+00 -5.416792951121862654e-01 0.000000000000000000e+00
-1.431226091765076314e+00 -8.556266166788812910e-01 4.453243358985078393e-01 -4.940484981933240816e-01 6.754735504292472825e-01 0.000000000000000000e+00
3.994600202967749647e-01 1.021136021229858137e+00 -1.995434502516261421e+00 -1.286154169022279747e+00 -2.576363759252938923e+00 1.000000000000000000e+00
-9.103401093834280200e-01 -6.912039843761469404e-01 1.814513124291338153e+00 -4.288860169624392205e-01 1.084148252809991719e+00 0.000000000000000000e+00
5.192871811644939051e-01 3.625809372232431937e-01 1.539290266265519680e+00 2.753936499205852595e+00 3.225263908432988824e+00 0.000000000000000000e+00
1.374364587519003811e+00 -5.651047491815298640e-01 -5.015736120304510326e-01 2.061242255145601998e+00 9.252229744758773133e-01 1.000000000000000000e+00
-1.565195987364624397e+00 -2.069559178011802114e+00 2.168531903466987210e+00 -1.755010840927814897e+00 3.519638570665538646e-01 0.000000000000000000e+00
-1.741539457493993970e+00 2.472872679659202877e+00 -2.244908177016431861e+00 -4.616299826463299283e-01 -4.393953165736002031e-01 0.000000000000000000e+00
1.978145481376025749e-01 -4.247711942194271062e-01 -1.382932760148358753e-01 2.423693560118738599e+00 2.259430469569003730e+00 0.000000000000000000e+00
-1.710269640875712316e+00 8.393215520027788035e-01 -2.024207618533593767e+00 -8.236557855201409595e-02 3.596015321143630761e-02 0.000000000000000000e+00
8.932051932106288561e-01 -1.571347666401213816e-01 1.352682453009099284e+00 2.834143258101557983e+00 2.963803611677092498e+00 0.000000000000000000e+00
8.845652437805014978e-01 -9.337066421868299715e-01 -1.146187173948264304e+00 -1.088544414739086807e+00 -2.271156211879172826e+00 1.000000000000000000e+00
7.798565711773581821e-01 9.540903375194726976e-01 5.384639422527806030e-01 -5.798894372604864733e-01 -8.368819084410699105e-01 1.000000000000000000e+00
-2.751846033079383691e+00 4.016160075551893915e-01 -1.824734966095302724e+00 -1.403071046054108706e+00 -5.110570182575475684e-01 0.000000000000000000e+00
6.605204815185061751e-01 3.443439345561348230e-01 3.298422355976409204e-01 2.860654417782185099e+00 2.630693302088946695e+00 0.000000000000000000e+00
5.604392998997480557e-01 6.504534462424196306e-01 -1.493327530622915678e+00 1.198265206651102921e-01 -1.003277765361638263e+00 1.000000000000000000e+00
-1.219397753605198087e+00 -1.006348910726840629e+00 -2.016084306733527676e+00 -1.574125803591818418e+00 -1.801333176156171945e+00 1.000000000000000000e+00
-3.029587977830386913e-01 2.706848348559283135e-01 -9.610048097247175791e-01 -7.774293218342847034e-01 -1.071426126036700621e+00 1.000000000000000000e+00
-2.411564435871803358e+00 -1.334294298390210409e+00 -1.865990839001556267e+00 -1.961554285808341458e+00 -1.325402443650831374e+00 1.000000000000000000e+00
-1.137997560458276824e+00 1.510424881390030061e+00 -1.464170862953635854e+00 -1.266297328489664586e+00 -1.265134353956097080e+00 1.000000000000000000e+00
-3.525858078403565354e-02 -4.886522296707824231e-01 1.566937380029397975e+00 1.458178602948942304e+00 2.292816327471795645e+00 0.000000000000000000e+00
-1.887966408363810356e+00 1.618906475989192240e+00 -2.713403893550856427e+00 -4.629436227550612903e-01 -5.791027187934660869e-01 1.000000000000000000e+00
-2.181668525317075780e+00 -1.439585126361137002e-01 -3.246281384489054123e+00 4.888584479951272321e-01 3.145197484839081792e-01 1.000000000000000000e+00
-6.949247351335130496e-01 6.715321071268839370e-01 -3.219677148844016568e+00 8.528340304866297572e-01 -2.923882576096504815e-01 1.000000000000000000e+00
-2.009785138010998118e+00 -5.960381403031903558e-01 -2.131813350618153358e+00 -9.717651284490382846e-01 -7.218015925150258472e-01 0.000000000000000000e+00
-2.735072233947950959e+00 2.532609138461895948e-01 -1.908809370820961693e+00 -1.410236633944182749e+00 -5.718266311621906794e-01 0.000000000000000000e+00
3.349885979242144263e-01 -7.216256209384428466e-01 1.299275793469871765e+00 -1.081675786606706602e+00 -6.671306117148008141e-01 1.000000000000000000e+00
-7.593910132251826539e-01 -8.091729842593294864e-01 -1.579307286796316490e-02 7.750792040779320713e-01 1.284566649821099915e+00 0.000000000000000000e+00
1.993764208453259634e+00 -7.738645508085839619e-01 5.175304400859939147e-01 2.011104369790669200e+00 9.749976358708591917e-01 1.000000000000000000e+00
4.241550706884060773e-01 -1.612726676535721215e-01 -1.389975193567405398e-01 2.813153475602810261e+00 2.503798287694134928e+00 0.000000000000000000e+00
8.293798737998514525e-02 -2.271421374376540570e+00 -1.733314178388346560e-01 2.255887563107866089e+00 2.147901194352423104e+00 0.000000000000000000e+00
6.524731494577771240e-01 3.199427414162072658e-01 -1.440853416964055445e+00 3.728063935920238325e-01 -7.812859738055911718e-01 1.000000000000000000e+00
1.680567669327580838e+00 -3.925737437901893889e-02 -2.267560127050668450e-01 -2.975485124785115509e-01 -1.535144220029242224e+00 1.000000000000000000e+00
1.265990450432791903e+00 1.479993121699993308e+00 -6.720529432839137396e-01 -2.034937824178985055e-01 -1.387816831830365860e+00 1.000000000000000000e+00
-7.098972574028382665e-01 -2.990859640226070648e-01 2.029248788788560187e-01 6.835306642789089615e-01 1.268778722639102075e+00 0.000000000000000000e+00
1.504203650756770427e+00 1.172875709378048414e+00 -4.422998238530116977e-01 -3.728829600844287828e-01 -1.602725518736381360e+00 1.000000000000000000e+00
-1.852411642410279224e+00 -3.202673079419307567e-01 5.840643562579788117e-01 -1.167738924654534438e+00 3.417461705537950811e-01 0.000000000000000000e+00
-1.229929499695173511e+00 4.242923484552397762e-01 -8.528616223400982133e-01 -8.322635433393965609e-01 -4.554970116174976713e-01 1.000000000000000000e+00
-1.566579957100511455e+00 -6.273056885184610243e-01 1.693629376861159885e-01 -4.694688909843913738e-01 6.516134784128888580e-01 0.000000000000000000e+00
6.053426966573263179e-01 1.844368462453769952e+00 -1.321776817115940306e+00 1.663334323869272380e+00 6.203023746077818146e-01 1.000000000000000000e+00
1.106370385467963624e+00 1.197107406693307619e+00 -8.317762246889961464e-01 1.256220629657052168e-01 -1.027808611553924001e+00 1.000000000000000000e+00
-1.533578928076327230e+00 -1.316937683444783236e+00 -1.981247051932783609e+00 -8.843864011793935997e-01 -8.743330838712035646e-01 1.000000000000000000e+00
-2.154745953796695090e+00 1.577328926012911900e-02 -8.340152916840304353e-01 -5.984807606324503704e-01 4.070720706531395505e-01 0.000000000000000000e+00
-2.372077572307161208e+00 -9.074136419092261319e-01 1.380411755111734529e+00 -2.861269670988253022e+00 -6.307808023361560767e-01 0.000000000000000000e+00
-4.389309878938534304e-01 1.524351572107776054e-01 7.355090644227226804e-01 7.460370860992616704e-01 1.419963932215007052e+00 0.000000000000000000e+00
4.061252583249020276e+00 2.227295873258412218e-01 3.005697278793094007e+00 1.369004955176238436e+00 1.992437343671651373e-01 1.000000000000000000e+00
-2.712332502637050391e-01 -8.711352593339070083e-01 -2.016798849508951275e+00 -6.022001535297037966e-01 -1.446173622853088148e+00 1.000000000000000000e+00
-1.441576768499838623e+00 9.960646385347072806e-01 6.358897673943391116e-01 7.978519195211949411e-01 2.089958839566468551e+00 0.000000000000000000e+00
1.675097857647654287e+00 1.538244576279021336e+00 2.205068737864301909e-03 9.338387277826099009e-03 -1.104653787369814122e+00 1.000000000000000000e+00
-3.168749663510198600e-01 -6.712258349898996279e-01 5.838950917762650850e-01 1.182921800554151526e+00 1.705937460539614037e+00 0.000000000000000000e+00
1.688285528953388459e+00 -2.245767518422857045e-01 -4.156513796514738068e-02 2.284624405387425394e+00 1.174607686714015387e+00 1.000000000000000000e+00
1.793174756599274389e+00 4.712693671248929794e-01 -1.063824502717880538e-02 7.069929943069330758e-01 -4.814103667120336327e-01 1.000000000000000000e+00
3.873993921134322171e-01 -2.381197513185721870e-01 -1.808860084301755933e+00 8.181042635608366531e-01 -3.379694895511781150e-01 1.000000000000000000e+00
5.656552943513688536e-01 1.868375822686360599e-01 8.396671565801290260e-01 2.227084925291392459e+00 2.307263794630838305e+00 0.000000000000000000e+00
-2.209227845085152353e+00 3.540190182062493141e-01 -2.103974908632774365e+00 -9.302863466280599791e-01 -5.328886624663382587e-01 0.000000000000000000e+00
1.044684073553704851e+00 9.340811181291880372e-01 -1.004839579798213034e+00 -3.048534830704211718e+00 -4.296559922522966701e+00 1.000000000000000000e+00
-1.202231077446121121e+00 2.072348368338031488e+00 -1.720740031732039377e+00 2.145467707938503166e-01 1.519502883775100122e-01 0.000000000000000000e+00
3.108129144709858682e+00 -2.509539201162095945e-01 1.747808017193225982e+00 7.902953742346876531e-01 -3.870229118051119466e-01 1.000000000000000000e+00
7.670869915801104000e-02 8.335004394523257698e-01 -2.360323896500106100e-01 2.539702978576233061e+00 2.408637291885767695e+00 0.000000000000000000e+00
9.118795713753935495e-02 3.811724176709884726e-01 9.167768434734302474e-02 2.501251544716945663e+00 2.524941802441633243e+00 0.000000000000000000e+00
-1.960103890316282849e+00 9.268278743844209355e-01 -2.497906604457154067e+00 2.403264432711014198e-01 2.914396420723326386e-01 1.000000000000000000e+00
5.345615828546816939e-01 -5.131830067355661606e-01 -1.505088960709222601e+00 2.285586767610453540e-01 -8.815753722783098434e-01 1.000000000000000000e+00
2.155351469591199276e+00 -5.870724624481293841e-01 3.188064204163476578e-01 5.029032743896195701e-01 -7.638933363143313171e-01 1.000000000000000000e+00
-3.503682004545546125e+00 1.077288972076124507e+00 -2.900299620432726044e+00 -2.943201278800656961e+00 -2.115668034006343845e+00 0.000000000000000000e+00
-5.755506922686057791e-01 -5.681197870326378796e-01 -2.915843760345214974e+00 1.731517278306035079e-01 -9.089770228796179019e-01 1.000000000000000000e+00
-2.426980398639119185e-01 5.729459999124992819e-01 2.824945632483415459e-01 2.040760084766687577e+00 2.375769016849120785e+00 0.000000000000000000e+00
-1.421506239781487047e+00 1.731305471681353347e-01 -1.587242953548884339e+00 1.714251019630770312e-01 3.213664535524796140e-01 0.000000000000000000e+00
-2.572217939616657123e+00 -2.492337101689608148e-01 -1.418557486683442725e+00 -2.692540862971851467e+00 -1.735348859629056495e+00 1.000000000000000000e+00
-1.731982715210470314e+00 -8.576841620579588044e-02 -1.665224812064314719e+00 -8.315093109965432383e-02 2.303468854502035423e-01 0.000000000000000000e+00
-3.043338325075884754e+00 -5.168755112787360995e-01 -2.319251323640160400e+00 -1.556986655273748132e+00 -7.222183119507252780e-01 1.000000000000000000e+00
-1.990114004615466836e+00 -1.053893119791316613e+00 -1.976443447456344149e+00 -5.972366459355639146e-01 -2.764226714303696930e-01 0.000000000000000000e+00
-1.325859853357330920e+00 1.368642420267613735e+00 -1.672174270679576580e+00 5.727004836849469704e-02 9.902827251727075453e-02 0.000000000000000000e+00
-7.658515144283387643e-01 8.510444875288463162e-01 -1.976233961530086125e-01 1.375790709177417082e+00 1.807223395438602331e+00 0.000000000000000000e+00
1.015682846819059071e+00 7.465902546279586938e-01 -1.023252456079254413e+00 2.130952125915696271e+00 9.721651386242147197e-01 1.000000000000000000e+00
-2.330294177224158325e+00 -2.070307830090708290e+00 -2.286015529129583612e+00 -1.241452814399886195e+00 -8.598571292452517056e-01 0.000000000000000000e+00
-1.639505463105536132e+00 6.614448678852041796e-01 -9.894326488877247527e-01 1.967028293134682748e-01 7.931344393272394822e-01 0.000000000000000000e+00
1.791790884293317010e+00 -5.598780942549802520e-02 9.066239575799284189e-02 -1.154032245037244220e-01 -1.264461228324986308e+00 1.000000000000000000e+00
-5.600924646383653727e-01 -5.254061378588553710e-01 -4.926555806565097173e-01 1.374628692295736698e+00 1.520521157923178102e+00 0.000000000000000000e+00
-5.368662496657325978e-01 -8.567479735843970545e-02 -2.864164205918537931e+00 1.365410907133843388e+00 3.017755013808882669e-01 1.000000000000000000e+00
-9.513827177131835011e-01 -2.119513904567613682e+00 -1.199190558678888907e+00 8.090600821383383545e-01 8.511160233544350362e-01 0.000000000000000000e+00
-6.200496589753687893e-01 6.727939538975991063e-01 -1.323182304886025840e-01 -1.905857469188126929e+00 -1.588798766601184909e+00 1.000000000000000000e+00
2.485343976700526980e-03 6.671118761548295861e-01 -3.575103984108544131e-01 2.451053796744688817e+00 2.306891474667275510e+00 0.000000000000000000e+00
-9.956387466794668351e-01 -5.191578135926901982e-01 -1.706163003625274399e+00 8.099212182038970642e-01 6.262224860802383386e-01 0.000000000000000000e+00
1.123383987716006782e+00 -1.283377658813082689e-01 9.276659603181967029e-01 -1.222014691945364717e+00 -1.521597583821586941e+00 1.000000000000000000e+00
-5.788966734902930567e-01 7.614438979130726537e-01 8.866866926874914512e-01 7.277552158013871342e-01 1.570698310359380345e+00 0.000000000000000000e+00
-1.734180847601384023e+00 -1.016929972695898021e+00 8.015573896086695127e-01 -1.425116138192915827e+00 1.112135218951528781e-01 0.000000000000000000e+00
-2.096638110316374481e-01 -2.188741427979858656e-01 1.732392270205935780e-01 8.936483733276512353e-01 1.134119299159044081e+00 0.000000000000000000e+00
-1.933544350015104829e+00 -4.446370549346576606e-01 -2.130004919942552810e+00 -6.006636798948439271e-02 1.539888816244197045e-01 1.000000000000000000e+00
1.938951896836202948e-01 2.348293516800840086e-01 -4.175121992956221106e-01 2.438631454327336190e+00 2.136634925325061829e+00 0.000000000000000000e+00
-1.737547855896545812e+00 -9.935916873618746425e-01 1.193835618627051121e+00 -1.423493784860058842e+00 3.125927526810118318e-01 0.000000000000000000e+00
-1.061784060146532482e+00 4.039644629017847266e-01 -3.551698558615467682e+00 -1.561656873899142983e+00 -2.666706303994793359e+00 1.000000000000000000e+00
-1.939533043820355074e-01 1.600044285640327191e+00 -3.467680722525350312e-01 1.888052928143931775e+00 1.871474665197021103e+00 0.000000000000000000e+00
-5.831868537105089345e-01 1.978805989229273643e-01 -3.266131036901536167e-01 1.447296170428700846e+00 1.693268756958915322e+00 0.000000000000000000e+00
-2.246333234099112452e+00 -7.116715169438577737e-01 9.479843391326230329e-01 -1.971016158549973696e+00 -2.833564900125984387e-02 0.000000000000000000e+00
-8.339186304005241634e-02 2.102854687537198508e+00 9.006846897048798040e-01 1.411251275677299244e+00 1.941796195624905685e+00 0.000000000000000000e+00
6.391612761745613103e-02 1.114200986726176179e+00 -2.192765100838629078e+00 9.893301673435821453e-01 -1.420319189790993919e-01 1.000000000000000000e+00
-3.906630037091319618e+00 4.868978846261596410e-02 1.411381466531637319e+00 -4.881544333966359339e+00 -1.644683041474265472e+00 0.000000000000000000e+00
1.244560707976924308e+00 3.695546749668610631e-01 -7.631707184113432074e-01 1.680259105765212091e+00 4.931352457351452223e-01 1.000000000000000000e+00
-1.454166954180016846e+00 1.704495228778962312e+00 5.527227814024365804e-01 -7.351963493278923512e-01 4.999810282071986967e-01 0.000000000000000000e+00
-1.519881993403944254e-01 -4.269017236202454768e-01 -3.543357988901215672e-01 -5.689205613261305583e-01 -6.548178377841257225e-01 1.000000000000000000e+00
-5.904911434331047149e-01 1.181392052592998843e+00 1.790023425506883648e+00 -1.060037425025950331e-01 1.186689765231875526e+00 0.000000000000000000e+00
-4.711161411876940708e-01 -2.088531485509191210e+00 -2.832176992700810914e+00 6.054959695124985108e-01 -4.974305531103094813e-01 1.000000000000000000e+00
-1.110293706287276416e+00 -8.138374208533873944e-01 -1.437879566874080695e+00 -7.691227567962640732e-01 -7.655659168328621256e-01 1.000000000000000000e+00
-5.482246011363699489e-01 -8.152932465490794200e-01 1.439318210322067859e+00 -1.940611056361100317e+00 -8.806713908125174406e-01 1.000000000000000000e+00
-9.413702903335704475e-01 -1.381693292177683219e+00 6.619473562700650682e-01 -2.773428720583009377e-01 6.784147887117883968e-01 0.000000000000000000e+00
2.304845400841156966e+00 -2.584635510949579440e-01 7.911335038561351229e-01 3.223199256796516199e-01 -8.089773606968588826e-01 1.000000000000000000e+00
-1.607538903556622323e+00 -3.972854864295032318e-01 -1.350338057595281027e+00 -1.143661724537352598e-01 2.743303066457782879e-01 0.000000000000000000e+00
-1.985950670023155951e+00 1.497658165959917242e-01 -1.593957592282474689e+00 -7.149990846720228888e-01 -2.061972093197030897e-01 0.000000000000000000e+00
-1.527046737496106088e+00 4.332217675841146809e-01 -1.921989766782645992e+00 2.704585219685042841e-01 3.236543473982597119e-01 0.000000000000000000e+00
9.882626549598513277e-01 1.371432501428800910e+00 -1.112541492035514556e+00 -2.786548625620965947e-02 -1.246359263717682131e+00 1.000000000000000000e+00
-2.555876572654077528e+00 4.524080544180161811e-01 4.837672878152396994e-01 -2.217703065243227911e+00 -3.064147730317554608e-01 0.000000000000000000e+00
1.924834303152454629e+00 1.370647793689666383e+00 1.447877620586941472e-01 8.123879115534624606e-01 -3.838116301239896666e-01 1.000000000000000000e+00
-2.590055222385488243e+00 1.695433582535312289e-01 -3.460737535900725081e+00 -4.099286875102459149e-02 -5.950501872751046140e-02 1.000000000000000000e+00
6.767821197456580506e-02 1.882274890703617531e+00 3.799733362353925337e-01 2.598310147698960293e+00 2.784277736708419937e+00 0.000000000000000000e+00
3.119779476080848379e-01 -3.155667484495449093e-01 -1.887026051445055863e+00 -1.033932254331660694e+00 -2.207463727212351401e+00 1.000000000000000000e+00
-1.902843838604972859e+00 -1.590950803760073473e+00 -5.582037548856164655e-01 -3.245761099743456946e+00 -2.309543151001047789e+00 1.000000000000000000e+00
4.196625295725195937e-01 9.236988520836934002e-01 -1.683462989909337626e+00 -2.417504179139003950e-01 -1.372380035937264653e+00 1.000000000000000000e+00
-1.415674509987337348e+00 1.632303128120381475e+00 -2.721930581572507002e-01 -2.093771655829226308e+00 -1.320295212009810815e+00 1.000000000000000000e+00
