-4.099435815878904599e-02 1.718065075974037015e+00 1.000000000000000000e+00
-1.747812257891189880e+00 1.537457919856659805e+00 1.000000000000000000e+00
8.866306902566677417e-01 -2.352226514223230147e+00 0.000000000000000000e+00
9.389919680750931086e-01 9.874882968950406958e-01 0.000000000000000000e+00
9.684209955671931880e-01 -1.550554613374902857e+00 0.000000000000000000e+00
-8.754924202769989172e-01 1.028602874165331249e+00 1.000000000000000000e+00
1.111086966131317411e+00 -1.088963761388883622e+00 0.000000000000000000e+00
-7.702129303682286876e-01 5.645900382973710885e-01 1.000000000000000000e+00
-2.138749092811857544e+00 2.201717893133826820e+00 1.000000000000000000e+00
-1.622991403277226130e+00 -1.648627191415932280e+00 0.000000000000000000e+00
-1.784699107948516605e+00 -1.254223015090214277e+00 0.000000000000000000e+00
-2.611387088907576315e-01 -1.076960806142003957e+00 0.000000000000000000e+00
-3.191678832764024420e-01 -1.480242692575210794e+00 0.000000000000000000e+00
9.222553223338625372e-01 8.955251003636890417e-01 1.000000000000000000e+00
-1.114376194918206719e+00 -1.503171821062784907e+00 0.000000000000000000e+00
9.001603058508490518e-01 -6.522735368669633216e-01 0.000000000000000000e+00
-4.206115133500564207e-01 5.358376294509302751e-01 1.000000000000000000e+00
-4.291604396560763091e-01 6.814019157510906588e-01 1.000000000000000000e+00
8.876206367800615338e-01 -9.668047782409203705e-01 0.000000000000000000e+00
-3.774199085241219276e+00 -7.612864033810029518e-01 0.000000000000000000e+00
1.080220307287147241e+00 -2.253594492331964183e+00 0.000000000000000000e+00
-1.216396293440801468e+00 -4.924002620397069929e-01 0.000000000000000000e+00
-1.213242187356211810e+00 1.110779514167173687e+00 1.000000000000000000e+00
-1.641044007401390559e+00 -9.441757791386278242e-01 0.000000000000000000e+00
1.351397431580586339e+00 -1.152168723044950216e+00 0.000000000000000000e+00
-2.320296726066218618e+00 2.017125999443446283e+00 1.000000000000000000e+00
-9.904792571311917815e-01 8.942306815328399106e-01 1.000000000000000000e+00
1.051147711320692402e+00 -1.857252206758006396e+00 0.000000000000000000e+00
8.360726156631747008e-01 6.981249473914650228e-01 0.000000000000000000e+00
-2.495923163906803577e+00 1.850562540395642053e+00 1.000000000000000000e+00
1.176762110095166847e+00 -1.425490991510261596e+00 0.000000000000000000e+00
-4.270958272047897797e-02 2.717774693568003608e-01 1.000000000000000000e+00
-6.736040442298318887e-01 -1.911326334366445057e+00 0.000000000000000000e+00
6.436028552580114193e-01 1.394768165513624369e+00 1.000000000000000000e+00
9.969368672757829009e-01 7.075563541368026232e-01 1.000000000000000000e+00
-1.574454481452951304e+00 -1.094337083445562797e+00 0.000000000000000000e+00
2.212623467902016472e+00 3.200260937212173751e-01 1.000000000000000000e+00
-8.934504282625835847e-01 1.381451161517214032e+00 1.000000000000000000e+00
-1.791177672700895673e+00 -6.687575787547670458e-01 0.000000000000000000e+00
1.636813640011635318e+00 5.097577667964510173e-01 1.000000000000000000e+00
6.187050734936764274e-01 1.676542062641371844e+00 1.000000000000000000e+00
-4.026487812506616137e-01 -1.318219685021597032e+00 0.000000000000000000e+00
-1.242860587853981569e+00 8.489048030417895019e-01 1.000000000000000000e+00
-1.875051797322405234e+00 1.771029453688404143e+00 1.000000000000000000e+00
2.057758404770216654e+00 -4.275822427314248664e-01 1.000000000000000000e+00
-1.317888238494628883e-01 1.595502793901159455e+00 1.000000000000000000e+00
-1.324206529194881909e+00 1.233012789836231304e+00 1.000000000000000000e+00
-1.057149416662662489e+00 4.917162685803936339e-01 1.000000000000000000e+00
8.613950739407383317e-01 1.058263248219611929e+00 1.000000000000000000e+00
1.301899646395477728e+00 1.003121370382749955e+00 1.000000000000000000e+00
1.624312956390997931e+00 2.229970851013712840e-01 1.000000000000000000e+00
3.486327859189408684e-02 -1.877203382486711147e+00 0.000000000000000000e+00
-1.797702356409422997e+00 1.912769038976674718e+00 1.000000000000000000e+00
9.707452179890525557e-01 -2.306198869435147625e-01 0.000000000000000000e+00
-1.851514341562231492e+00 -1.657088363182638746e+00 0.000000000000000000e+00
4.928003862913139521e-01 1.236497804188698035e+00 1.000000000000000000e+00
-1.618616531199686071e+00 1.469224985894820090e+00 1.000000000000000000e+00
8.478529741760333360e-01 -2.206525202290569254e+00 0.000000000000000000e+00
2.034451719542156312e-01 1.608858907777091840e+00 1.000000000000000000e+00
1.731678160706760394e+00 2.396154965415719929e-02 1.000000000000000000e+00
8.398249856944193237e-01 -4.272264038646353956e-01 0.000000000000000000e+00
-9.848986700253572479e-01 -7.567242172060208993e-01 0.000000000000000000e+00
-1.571980469364010702e+00 -1.380020068720775539e+00 0.000000000000000000e+00
-7.389257093294875345e-01 -8.639567962481738972e-01 0.000000000000000000e+00
8.647323144838012787e-01 1.383783434121307776e+00 1.000000000000000000e+00
9.871021196833540401e-01 -2.538172879581948926e+00 0.000000000000000000e+00
1.041121093599723046e+00 -3.455965250648027620e-01 0.000000000000000000e+00
-3.178102662787789523e-01 2.276829826027890746e+00 1.000000000000000000e+00
-5.596809716907547028e-01 -1.168360750007235049e+00 0.000000000000000000e+00
9.890360633108152832e-01 1.539430802204981408e+00 0.000000000000000000e+00
2.077026072254337663e-01 -3.251710084691983305e-02 1.000000000000000000e+00
1.217661584248146411e+00 -1.334685805686192772e+00 0.000000000000000000e+00
7.341130966122098034e-01 1.058560529924018390e+00 1.000000000000000000e+00
1.294590063959180304e+00 -1.358470908659228371e-01 0.000000000000000000e+00
-2.748316472940539601e+00 -1.171187174184082913e+00 0.000000000000000000e+00
-6.308583871074424643e-02 -5.145888913230038941e-01 1.000000000000000000e+00
8.042069006429810596e-01 -1.518154869014088693e+00 0.000000000000000000e+00
3.774666401911308533e-01 -4.778628569878828891e-02 1.000000000000000000e+00
2.270294364091459016e+00 -3.002984314078298578e-01 1.000000000000000000e+00
1.057694724037626655e+00 -9.180181803769634774e-01 0.000000000000000000e+00
7.311315159631259775e-02 -1.714961299718559040e+00 0.000000000000000000e+00
-9.084849722493996138e-01 -9.400669275011974690e-01 0.000000000000000000e+00
9.421494862791433000e-01 5.947425396570849010e-01 1.000000000000000000e+00
-8.130613979058465279e-01 -1.128919873319664369e+00 0.000000000000000000e+00
1.315826431743321256e+00 3.040485556392491517e-01 1.000000000000000000e+00
9.774856001369408576e-01 -1.919131756058024774e+00 0.000000000000000000e+00
9.503211785194269901e-01 -8.695186824014702331e-01 0.000000000000000000e+00
1.101112925357211392e+00 -1.374501582359284768e+00 0.000000000000000000e+00
1.050131610621041212e+00 -1.173219273388227624e+00 0.000000000000000000e+00
1.595358574412337305e+00 5.138035671023994944e-01 1.000000000000000000e+00
5.810052417425149995e-01 1.054489669491485815e+00 1.000000000000000000e+00
1.287535230139309039e+00 7.117310369973421924e-01 1.000000000000000000e+00
-1.475228489193757486e+00 1.515200440277544747e+00 1.000000000000000000e+00
7.663784276169525178e-01 1.214614410931467603e+00 1.000000000000000000e+00
-2.781271535630546854e+00 -1.225853399600603133e+00 0.000000000000000000e+00
9.548877120452156086e-01 -1.896492393999667181e+00 0.000000000000000000e+00
-2.114044822245694899e+00 2.054677630231465102e+00 1.000000000000000000e+00
-9.213040707565355314e-01 8.496883508262145224e-01 1.000000000000000000e+00
2.187631665693141603e-01 -2.403177095555020237e-02 1.000000000000000000e+00
1.239948451367965054e+00 -1.014081064052924530e+00 0.000000000000000000e+00
